0.015912
0.015719
0.016167
0.015906
0.015992
0.015936
0.016353
0.015509
0.016127
0.015899
0.015923
0.015990
0.016309
0.015786
0.016155
0.016035
0.016027
0.015994
0.016052
0.016103
0.016046
0.016097
0.016131
0.016056
0.016076
0.016081
0.016148
0.016030
0.016043
0.015995
0.016108
0.016104
0.016093
0.016072
0.016094
0.016117
0.016050
0.016088
0.016145
0.016105
0.016034
0.016112
0.016102
0.016083
0.016446
0.015797
0.015754
0.015917
0.015922
0.016003
0.016006
0.016074
0.015974
0.015959
0.015990
0.016008
0.015948
0.016127
0.015894
0.016021
0.016131
0.015953
0.016030
0.016024
0.015962
0.016219
0.015788
0.015986
0.015979
0.015913
0.015981
0.016073
0.016079
0.015943
0.016073
0.015939
0.015908
0.016017
0.016056
0.016082
0.016073
0.016265
0.015707
0.016020
0.016077
0.016008
0.016090
0.015976
0.015869
0.016052
0.016255
0.015660
0.016040
0.016046
0.016014
0.016029
0.016037
0.016009
0.016106
0.015915
0.015999
0.016010
0.015998
0.016014
0.016007
0.016073
0.015975
0.016000
0.016043
0.015963
0.016011
0.016022
0.016022
0.015966
0.015987
0.016064
0.016510
0.015574
0.015999
0.015922
0.016067
0.015981
0.016032
0.015955
0.016008
0.015961
0.015949
0.016006
0.016018
0.015925
0.016092
0.015977
0.016060
0.015975
0.015952
0.015960
0.016016
0.016004
0.015985
0.015948
0.016081
0.016071
0.015953
0.015896
0.015909
0.015526
0.015909
0.015833
0.016006
0.015874
0.015983
0.015932
0.016024
0.015977
0.015908
0.016018
0.015936
0.015909
0.015965
0.015937
0.015952
0.015937
0.015869
0.015948
0.016023
0.015886
0.015918
0.015911
0.016211
0.015844
0.015881
0.015884
0.015914
0.015897
0.015923
0.015893
0.016019
0.016036
0.015968
0.015919
0.016038
0.015236
0.015986
0.015891
0.016015
0.015808
0.015920
0.015929
0.016062
0.015962
0.015985
0.015902
0.015885
0.015838
0.015976
0.015931
0.015996
0.015952
0.015994
0.015888
0.016086
0.015901
0.015891
0.015913
0.016001
0.015968
0.015882
0.015937
0.016040
0.016026
0.015979
0.015842
0.015911
0.015940
0.015928
0.016008
0.015994
0.015927
0.015885
0.015897
0.015915
0.015904
0.015771
0.015941
0.015846
0.015932
0.015946
0.015796
0.016034
0.015836
0.015897
0.015919
0.015977
0.015954
0.015838
0.015926
0.015912
0.015863
0.015864
0.015923
0.015995
0.015846
0.015781
0.015823
0.015909
0.015825
0.015886
0.015898
0.015936
0.015865
0.015863
0.015840
0.015903
0.015950
0.015877
0.015935
0.015916
0.015977
0.015908
0.015904
0.015915
0.015920
0.015826
0.015885
0.015949
0.015790
0.015921
0.015887
0.015974
0.015873
0.015906
0.015894
0.015979
0.015876
0.015728
0.015885
0.015981
0.016118
0.015868
0.015898
0.015879
0.015989
0.015914
0.015877
0.016007
0.015912
0.015934
0.016005
0.015938
0.015993
0.015945
0.015956
0.015910
0.015931
0.015967
0.015925
0.016020
0.015932
0.015895
0.015922
0.016023
0.015890
0.015907
0.015860
0.015903
0.015986
0.015925
0.015923
0.016015
0.015911
0.015907
0.015874
0.016073
0.015915
0.015925
0.015962
0.015998
0.015931
0.015975
0.015984
0.015976
0.015952
0.015993
0.015926
0.016056
0.015937
0.015966
0.015931
0.015964
0.015929
0.015989
0.015792
0.015972
0.015964
0.015981
0.015963
0.016028
0.015889
0.015971
0.015952
0.016012
0.015926
0.015860
0.015966
0.016054
0.015838
0.016056
0.015846
0.016038
0.015900
0.015960
0.015930
0.016016
0.016016
0.015939
0.015926
0.015908
0.015926
0.015895
0.015914
0.016022
0.015745
0.015894
0.015870
0.015958
0.015942
0.015899
0.015898
0.015933
0.015865
0.015928
0.015927
0.016020
0.015931
0.015893
0.015910
0.015935
0.015834
0.015832
0.015952
0.015933
0.015793
0.015811
0.015660
0.016012
0.015838
0.015812
0.015736
0.015850
0.015836
0.015862
0.015883
0.015890
0.015856
0.015871
0.015928
0.016039
0.015925
0.015841
0.015957
0.015937
0.015889
0.016231
0.015365
0.016031
0.015891
0.015902
0.015913
0.015946
0.016008
0.015849
0.015895
0.015938
0.015986
0.015917
0.015940
0.015912
0.015868
0.016013
0.015909
0.015944
0.015920
0.015887
0.015715
0.015829
0.015815
0.015758
0.015822
0.015917
0.015764
0.015948
0.015914
0.015900
0.015922
0.015825
0.016020
0.015997
0.015895
0.015900
0.015922
0.015938
0.015890
0.015821
0.015756
0.015940
0.015883
0.015901
0.015745
0.015912
0.015945
0.015909
0.015888
0.015951
0.015877
0.015760
0.015913
0.015885
0.015994
0.016054
0.016006
0.015984
0.015998
0.015896
0.016038
0.016075
0.016043
0.015893
0.016042
0.015903
0.016012
0.016030
0.015932
0.015917
0.015999
0.015947
0.016214
0.015758
0.016058
0.016015
0.015934
0.016147
0.015994
0.016052
0.016112
0.016003
0.016064
0.016130
0.016012
0.016034
0.016148
0.016053
0.016019
0.016026
0.016092
0.016069
0.016084
0.016006
0.016001
0.016047
0.016126
0.016018
0.016080
0.016012
0.016022
0.016457
0.016143
0.015407
0.016050
0.015994
0.015993
0.015960
0.016404
0.015844
0.016008
0.016050
0.015963
0.016120
0.016077
0.015998
0.015909
0.015742
0.015875
0.016079
0.016010
0.016311
0.015897
0.015930
0.016157
0.015907
0.015927
0.015977
0.016321
0.015528
0.015959
0.016003
0.015979
0.016001
0.016083
0.016153
0.015825
0.016065
0.015950
0.015991
0.015849
0.015879
0.016102
0.015902
0.016030
0.016021
0.016083
0.016036
0.015984
0.016024
0.016019
0.015941
0.016154
0.015971
0.015993
0.016151
0.015792
0.015971
0.016006
0.016028
0.015879
0.016091
0.016065
0.016017
0.015972
0.015944
0.015977
0.016061
0.016021
0.016090
0.015969
0.015940
0.016003
0.016054
0.016037
0.016274
0.015806
0.016052
0.016025
0.015884
0.015990
0.015987
0.016127
0.015906
0.016009
0.015988
0.015960
0.016064
0.015983
0.016019
0.016043
0.016028
0.016015
0.016019
0.015944
0.016004
0.015788
0.015898
0.015539
0.015883
0.015906
0.015957
0.015859
0.015493
0.015968
0.015951
0.015902
0.015933
0.015982
0.015910
0.015915
0.015993
0.015925
0.016017
0.015933
0.016013
0.015779
0.015976
0.015860
0.015741
0.015783
0.014190
0.015832
0.015859
0.015950
0.015918
0.015798
0.015071
0.015867
0.016023
0.015884
0.015772
0.015851
0.015898
0.015883
0.016128
0.015646
0.015872
0.015836
0.015972
0.015886
0.015982
0.016017
0.015840
0.015876
0.015955
0.015870
0.015958
0.015927
0.015936
0.015799
0.016008
0.015872
0.015943
0.015848
0.016133
0.015664
0.016023
0.015893
0.015909
0.015783
0.015943
0.015953
0.015694
0.016016
0.015929
0.015923
0.015845
0.015355
0.015995
0.015839
0.015912
0.015867
0.015997
0.015824
0.015922
0.015952
0.015919
0.015897
0.015869
0.015854
0.015930
0.016084
0.016048
0.015470
0.015975
0.015937
0.015914
0.015871
0.016110
0.015746
0.015987
0.016692
0.015100
0.016541
0.015944
0.014987
0.015880
0.016901
0.014820
0.015893
0.015999
0.016073
0.015905
0.015802
0.016017
0.015814
0.015983
0.015878
0.015891
0.015920
0.015772
0.015909
0.016276
0.015567
0.015796
0.015770
0.016007
0.015754
0.015911
0.016159
0.015687
0.015962
0.015830
0.015902
0.015941
0.015824
0.015936
0.015722
0.015880
0.015874
0.016073
0.015766
0.015807
0.016036
0.015922
0.015859
0.015873
0.015883
0.015833
0.015875
0.015971
0.015895
0.015867
0.015933
0.015939
0.015897
0.015833
0.015871
0.015952
0.015879
0.015934
0.015906
0.016127
0.015639
0.015965
0.015713
0.015864
0.015893
0.015879
0.015893
0.015804
0.015894
0.015827
0.015962
0.015917
0.015776
0.015997
0.016012
0.015868
0.015864
0.015854
0.015900
0.016154
0.015428
0.015783
0.015765
0.015976
0.015759
0.015838
0.015974
0.015800
0.015789
0.015871
0.015860
0.015850
0.016087
0.015413
0.015977
0.015873
0.015915
0.015983
0.015859
0.016065
0.015901
0.015824
0.015978
0.015778
0.015938
0.015860
0.015846
0.015882
0.015950
0.015823
0.015814
0.015947
0.016214
0.015806
0.015982
0.015947
0.015981
0.015823
0.015886
0.016046
0.015928
0.015905
0.015944
0.015934
0.016054
0.015902
0.015930
0.015951
0.015879
0.015855
0.015891
0.015937
0.016056
0.015705
0.015869
0.015875
0.015979
0.015926
0.015893
0.016148
0.015842
0.015862
0.015902
0.016015
0.015905
0.016151
0.015403
0.015856
0.016150
0.015854
0.015873
0.015790
0.016359
0.015652
0.015868
0.015924
0.015552
0.015893
0.016220
0.016157
0.015978
0.015909
0.015840
0.016053
0.015888
0.015749
0.015948
0.015757
0.015818
0.015982
0.016174
0.016043
0.015555
0.015899
0.015416
0.015985
0.016272
0.015785
0.015647
0.015642
0.015959
0.015872
0.016381
0.015246
0.016052
0.016276
0.015549
0.015924
0.016043
0.015980
0.015943
0.015750
0.015894
0.015847
0.016059
0.015920
0.015964
0.015979
0.016079
0.015734
0.015910
0.016228
0.015487
0.016058
0.015802
0.015934
0.015807
0.015928
0.015853
0.015844
0.015769
0.015733
0.015888
0.015785
0.015642
0.016008
0.016053
0.016002
0.016252
0.015791
0.016018
0.016030
0.016022
0.015967
0.016088
0.015963
0.016016
0.015949
0.015982
0.016046
0.015818
0.015952
0.016050
0.015986
0.015984
0.015991
0.016047
0.015873
0.016164
0.015793
0.015826
0.015968
0.016004
0.016034
0.015963
0.016088
0.015998
0.015863
0.015945
0.015915
0.015908
0.016134
0.015803
0.016018
0.015955
0.016043
0.016022
0.015983
0.016043
0.015988
0.015958
0.016097
0.016064
0.016015
0.015955
0.016059
0.016072
0.015994
0.016070
0.016050
0.015948
0.015916
0.015860
0.015915
0.015915
0.015906
0.015853
0.016014
0.015898
0.015913
0.015957
0.015960
0.015910
0.015947
0.016164
0.015740
0.015847
0.015919
0.015985
0.015935
0.015976
0.015893
0.015867
0.015949
0.015898
0.015848
0.015855
0.015855
0.015914
0.015971
0.015795
0.015854
0.015937
0.015991
0.016004
0.015642
0.015955
0.015972
0.015961
0.015883
0.015919
0.015991
0.015917
0.015890
0.015827
0.015958
0.015940
0.016167
0.015607
0.015933
0.015968
0.015896
0.015971
0.015907
0.015987
0.016075
0.016048
0.015974
0.015905
0.016057
0.015983
0.016057
0.015837
0.015850
0.015996
0.015905
0.015894
0.016233
0.015558
0.015979
0.015793
0.016070
0.015991
0.016009
0.016046
0.016016
0.015764
0.015849
0.015930
0.015985
0.016229
0.015676
0.015984
0.016040
0.015886
0.015861
0.016027
0.015806
0.015800
0.016016
0.015935
0.015833
0.015991
0.015990
0.015954
0.016038
0.015789
0.016032
0.015903
0.015874
0.016205
0.015768
0.015978
0.015812
0.015831
0.015971
0.015978
0.015941
0.015808
0.016042
0.015901
0.015875
0.015910
0.016320
0.015543
0.015928
0.015877
0.015918
0.015999
0.015981
0.016002
0.015933
0.015862
0.015802
0.015820
0.016068
0.016011
0.016042
0.015766
0.015874
0.015989
0.016010
0.015968
0.016199
0.015539
0.015949
0.015961
0.015976
0.015899
0.015834
0.016032
0.015985
0.015953
0.016016
0.015984
0.015951
0.016076
0.015554
0.015972
0.015984
0.015891
0.015894
0.015872
0.015953
0.015937
0.015867
0.015854
0.016027
0.015919
0.016019
0.015947
0.015962
0.015900
0.015905
0.015879
0.015944
0.016227
0.015640
0.015927
0.015931
0.015921
0.015847
0.015946
0.015996
0.015955
0.015936
0.015857
0.015884
0.016049
0.016251
0.015658
0.016009
0.015868
0.015825
0.015900
0.015967
0.015818
0.015791
0.015913
0.015802
0.016023
0.016047
0.015944
0.016089
0.015871
0.015809
0.015966
0.016001
0.015978
0.016295
0.015669
0.015926
0.015904
0.016041
0.015958
0.016056
0.016073
0.015943
0.015896
0.015749
0.015963
0.015873
0.016106
0.015734
0.015770
0.015908
0.015914
0.015988
0.016038
0.015915
0.015807
0.016001
0.015930
0.015778
0.015932
0.015883
0.015948
0.015976
0.015833
0.015927
0.015924
0.015901
0.016224
0.015674
0.015947
0.015939
0.015900
0.015952
0.015893
0.015994
0.015976
0.015879
0.015939
0.015775
0.015943
0.016185
0.015702
0.015879
0.015825
0.015972
0.016075
0.015930
0.015994
0.015920
0.015938
0.015962
0.015973
0.015935
0.015869
0.015992
0.015925
0.015964
0.015933
0.015932
0.015984
0.016191
0.015597
0.015814
0.015846
0.015846
0.015995
0.015817
0.015954
0.015953
0.016002
0.015991
0.015906
0.015893
0.016119
0.015717
0.015917
0.015928
0.015857
0.015942
0.016126
0.015939
0.015950
0.015952
0.015838
0.015998
0.015919
0.015933
0.016008
0.015902
0.015809
0.015865
0.015879
0.015866
0.016168
0.015538
0.015871
0.015884
0.015747
0.015833
0.015845
0.015987
0.015670
0.015928
0.015882
0.015851
0.015182
0.015717
0.015514
0.015784
0.015864
0.015448
0.015330
0.015977
0.015866
0.015884
0.015878
0.015794
0.015889
0.015843
0.015754
0.015935
0.015840
0.015801
0.015937
0.015953
0.015913
0.016196
0.015624
0.015896
0.015864
0.015967
0.015888
0.016005
0.016122
0.015879
0.015890
0.016001
0.015914
0.015958
0.016146
0.015778
0.015800
0.015883
0.015932
0.015889
0.015967
0.016067
0.015920
0.015936
0.015964
0.015895
0.015953
0.015909
0.015981
0.015852
0.015799
0.015860
0.015840
0.015847
0.016231
0.015823
0.015929
0.016070
0.015816
0.015842
0.015978
0.015971
0.015899
0.015961
0.015910
0.015882
0.015916
0.016319
0.015690
0.015843
0.015868
0.015961
0.015918
0.015871
0.015929
0.015884
0.016020
0.015925
0.016068
0.015937
0.015833
0.016035
0.015899
0.015944
0.015988
0.015823
0.015909
0.016246
0.015782
0.015771
0.016140
0.016084
0.016037
0.016098
0.016149
0.016046
0.016004
0.016090
0.016002
0.016118
0.016137
0.015912
0.016025
0.016034
0.016024
0.015966
0.016070
0.016135
0.016082
0.015961
0.016109
0.016140
0.016003
0.015986
0.016132
0.015445
0.016071
0.016058
0.015993
0.016014
0.016208
0.016009
0.016095
0.016008
0.016021
0.015989
0.015994
0.016066
0.015943
0.015902
0.016002
0.016038
0.016030
0.016276
0.015791
0.015952
0.016087
0.015916
0.016031
0.016026
0.016022
0.016055
0.016014
0.015974
0.015913
0.016031
0.016098
0.015966
0.016024
0.015930
0.015993
0.016035
0.016015
0.016015
0.015933
0.015873
0.015955
0.015960
0.016002
0.015955
0.016110
0.015946
0.015992
0.016043
0.015827
0.016039
0.016227
0.015685
0.016038
0.016122
0.015798
0.015920
0.015895
0.015954
0.015951
0.016056
0.016027
0.015967
0.015979
0.015994
0.016117
0.015976
0.016039
0.015875
0.016002
0.015867
0.016309
0.015715
0.015971
0.015930
0.016091
0.015999
0.015921
0.016096
0.015858
0.016068
0.015979
0.015897
0.015985
0.015953
0.016106
0.015906
0.015964
0.016027
0.015944
0.015996
0.016194
0.015728
0.016016
0.015984
0.016075
0.016061
0.016029
0.016079
0.015950
0.015979
0.015977
0.016029
0.016002
0.016327
0.015676
0.015938
0.015991
0.016115
0.016032
0.015982
0.016051
0.015863
0.015939
0.015897
0.015776
0.015917
0.015921
0.015986
0.015857
0.016077
0.015984
0.015974
0.015951
0.016261
0.015717
0.016017
0.015857
0.015993
0.015961
0.015924
0.015968
0.016003
0.015925
0.015924
0.015998
0.015974
0.016259
0.015679
0.015945
0.016034
0.016001
0.015938
0.015993
0.015985
0.015926
0.016004
0.015964
0.015978
0.015917
0.016179
0.015860
0.015952
0.016009
0.015943
0.015949
0.016077
0.016165
0.015737
0.015984
0.015973
0.015953
0.015994
0.015972
0.016128
0.015923
0.015978
0.016024
0.015972
0.015975
0.016297
0.015558
0.015894
0.015930
0.015890
0.015977
0.016008
0.015951
0.015634
0.015977
0.016071
0.015959
0.015885
0.015938
0.016083
0.015840
0.015953
0.015833
0.015983
0.015875
0.015993
0.015776
0.015967
0.015903
0.015990
0.015905
0.015931
0.015954
0.016017
0.015830
0.015940
0.015903
0.015884
0.016155
0.015727
0.015877
0.015845
0.015891
0.015994
0.015878
0.015946
0.015881
0.015970
0.015868
0.015865
0.015836
0.015859
0.016064
0.015954
0.016963
0.015323
0.015785
0.015980
0.016189
0.015536
0.015972
0.015863
0.015826
0.015965
0.015726
0.016093
0.015827
0.015949
0.015818
0.015896
0.015883
0.016094
0.015649
0.016194
0.015570
0.015814
0.015780
0.015823
0.015939
0.015960
0.015859
0.015953
0.015952
0.015974
0.015907
0.015976
0.015882
0.015980
0.015936
0.015989
0.015914
0.016257
0.015607
0.015948
0.015797
0.015996
0.015985
0.015902
0.015940
0.015981
0.015907
0.015714
0.015921
0.015877
0.016143
0.015543
0.015911
0.015917
0.015943
0.015951
0.015937
0.015980
0.015944
0.015978
0.016033
0.015928
0.015875
0.015968
0.016039
0.015943
0.015939
0.015878
0.015933
0.015988
0.015924
0.015777
0.015906
0.015857
0.015925
0.015901
0.015768
0.015863
0.015901
0.016008
0.016864
0.015297
0.015681
0.016590
0.015379
0.015896
0.015855
0.015962
0.015951
0.015983
0.016058
0.015889
0.015954
0.016013
0.015941
0.016020
0.015860
0.015918
0.015916
0.015850
0.015775
0.016002
0.015944
0.015892
0.015937
0.016003
0.016016
0.016070
0.015657
0.015921
0.015927
0.015925
0.016408
0.015366
0.015967
0.015766
0.015977
0.015975
0.015761
0.015801
0.015451
0.015972
0.016043
0.015907
0.015811
0.015994
0.015872
0.016138
0.015744
0.015863
0.015755
0.015895
0.015820
0.015963
0.015932
0.015960
0.015842
0.015899
0.015972
0.015761
0.015854
0.015699
0.015783
0.015786
0.015776
0.015783
0.016007
0.016189
0.015494
0.015760
0.015907
0.015706
0.015770
0.015981
0.016039
0.015902
0.015802
0.015895
0.015712
0.016069
0.016176
0.015682
0.016572
0.015292
0.015996
0.015611
0.015890
0.015860
0.015780
0.015921
0.015803
0.015752
0.015776
0.015865
0.015786
0.015818
0.015798
0.016127
0.015764
0.015844
0.016174
0.015584
0.015740
0.015883
0.015773
0.015833
0.015784
0.015963
0.015910
0.015983
0.015532
0.015614
0.015852
0.016081
0.015673
0.015865
0.015881
0.015824
0.015886
0.014743
0.015780
0.015849
0.015649
0.015778
0.015782
0.015836
0.015778
0.015749
0.015847
0.015835
0.015828
0.016045
0.015985
0.016253
0.015717
0.015956
0.016049
0.015982
0.015978
0.015958
0.015935
0.015939
0.016030
0.015975
0.016119
0.016012
0.016085
0.016020
0.016017
0.016008
0.016040
0.016052
0.016013
0.016155
0.015827
0.015857
0.015902
0.015834
0.016009
0.015912
0.016125
0.015916
0.015989
0.016047
0.015954
0.016006
0.016166
0.015666
0.016002
0.016014
0.016040
0.015856
0.016057
0.015948
0.015890
0.015985
0.015883
0.015870
0.015848
0.015893
0.015974
0.016012
0.015953
0.015999
0.016014
0.015981
0.016177
0.015791
0.015922
0.016018
0.016124
0.015922
0.016066
0.015988
0.015928
0.015735
0.016012
0.015999
0.016039
0.016285
0.015770
0.015940
0.016006
0.015977
0.016002
0.016028
0.016135
0.015952
0.016027
0.016067
0.015831
0.016046
0.016002
0.016063
0.015995
0.015934
0.015545
0.016055
0.016059
0.015916
0.015854
0.015974
0.016107
0.016005
0.016057
0.015974
0.016274
0.015772
0.016032
0.015973
0.016004
0.015959
0.016172
0.015719
0.015860
0.015848
0.015988
0.015944
0.015865
0.016094
0.015955
0.015935
0.015981
0.015950
0.016014
0.016213
0.015687
0.015933
0.016007
0.015958
0.015992
0.015854
0.016208
0.015816
0.016021
0.016015
0.016033
0.016013
0.016000
0.016127
0.015992
0.015958
0.016103
0.015945
0.016057
0.016232
0.015758
0.016063
0.015923
0.016032
0.015848
0.015915
0.016054
0.015929
0.015957
0.015933
0.015968
0.016045
0.016132
0.015567
0.015890
0.015884
0.015909
0.015916
0.015891
0.016007
0.015838
0.015047
0.015706
0.015981
0.015730
0.015916
0.016007
0.015769
0.013710
0.014283
0.015731
0.015908
0.016084
0.015506
0.015836
0.015914
0.015778
0.015846
0.015890
0.016021
0.015689
0.015931
0.015997
0.015973
0.015875
0.016171
0.015676
0.016036
0.015919
0.015814
0.015863
0.015890
0.015988
0.015800
0.015835
0.015907
0.015961
0.015899
0.015923
0.015748
0.015879
0.015941
0.015980
0.015836
0.015833
0.016031
0.015607
0.015853
0.015850
0.015782
0.015730
0.015949
0.015923
0.015834
0.015898
0.015957
0.015878
0.015741
0.016199
0.015609
0.016014
0.015916
0.015902
0.015951
0.015831
0.015105
0.014700
0.015184
0.015741
0.015916
0.015886
0.015946
0.015931
0.015678
0.015809
0.015995
0.015942
0.015765
0.016148
0.015667
0.015764
0.015816
0.015768
0.015965
0.015913
0.015913
0.015777
0.015847
0.015808
0.015863
0.015939
0.015937
0.015652
0.014878
0.015343
0.015896
0.014224
0.015517
0.016023
0.014836
0.015186
0.015368
0.015078
0.015558
0.014905
0.015044
0.015173
0.015824
0.015187
0.015053
0.015879
0.015494
0.015536
0.015752
0.015861
0.015926
0.015783
0.015789
0.015735
0.015786
0.015858
0.015816
0.015803
0.015867
0.015859
0.015893
0.015772
0.015941
0.015827
0.015819
0.015940
0.016186
0.015415
0.015512
0.015861
0.015923
0.015971
0.015919
0.016016
0.015885
0.015925
0.015919
0.015921
0.015889
0.016136
0.015650
0.015864
0.015830
0.015892
0.015817
0.015895
0.015941
0.015729
0.015912
0.015948
0.015858
0.015831
0.015845
0.016025
0.015968
0.015883
0.015935
0.015955
0.015976
0.016047
0.015642
0.015886
0.015819
0.015905
0.016299
0.015429
0.016000
0.015959
0.015841
0.015927
0.016005
0.015850
0.016260
0.015679
0.015952
0.015994
0.015872
0.015886
0.016011
0.015760
0.015780
0.015940
0.015888
0.016050
0.015636
0.015872
0.015961
0.015917
0.015641
0.015826
0.015988
0.015786
0.016051
0.015595
0.015904
0.015790
0.015774
0.015865
0.015864
0.015984
0.015793
0.015832
0.015955
0.015864
0.015926
0.016098
0.015558
0.015830
0.015890
0.015872
0.015891
0.015854
0.015908
0.015737
0.015993
0.015963
0.015894
0.015881
0.015848
0.015817
0.015860
0.015876
0.015921
0.015952
0.015795
0.015970
0.015663
0.015851
0.015974
0.015902
0.015807
0.015783
0.015829
0.015682
0.015858
0.015827
0.015826
0.015820
0.016149
0.015710
0.015855
0.015685
0.015870
0.015810
0.015941
0.015878
0.015879
0.015935
0.015779
0.015866
0.015923
0.015821
0.015956
0.015985
0.015911
0.015850
0.015880
0.015858
0.015890
0.015814
0.015773
0.015834
0.016061
0.015865
0.015816
0.015862
0.015645
0.015773
0.015978
0.015906
0.015913
0.016157
0.015674
0.015861
0.015763
0.015815
0.015829
0.015806
0.015949
0.015847
0.015973
0.015918
0.015964
0.015896
0.015913
0.015927
0.016031
0.015783
0.015734
0.015803
0.015897
0.016064
0.015608
0.015828
0.015787
0.015902
0.015997
0.016015
0.016022
0.015890
0.016016
0.015878
0.015932
0.016050
0.015995
0.016051
0.015942
0.015986
0.016049
0.016069
0.016075
0.016257
0.015660
0.016037
0.015992
0.015953
0.016163
0.015830
0.016097
0.015970
0.015833
0.016024
0.015923
0.016014
0.016268
0.015800
0.016022
0.015890
0.016063
0.016088
0.016095
0.015991
0.015913
0.016056
0.016120
0.016074
0.016005
0.016056
0.016019
0.015889
0.015929
0.015994
0.015946
0.015933
0.016213
0.015602
0.016164
0.016019
0.015909
0.016068
0.015807
0.015890
0.015810
0.015902
0.015769
0.015888
0.015957
0.015951
0.016000
0.015785
0.016007
0.015991
0.015926
0.015917
0.016282
0.015719
0.016040
0.016019
0.015978
0.015964
0.015960
0.016023
0.015852
0.016013
0.012527
0.015905
0.015997
0.015904
0.016088
0.015986
0.015982
0.015879
0.015999
0.015954
0.016444
0.015469
0.015947
0.015888
0.016017
0.009259
0.015985
0.016039
0.015860
0.015950
0.015979
0.015572
0.015986
0.016232
0.015601
0.015892
0.015988
0.016045
0.015979
0.015866
0.015985
0.012680
0.016026
0.015989
0.016094
0.015792
0.015882
0.015878
0.015982
0.015953
0.016011
0.015918
0.015959
0.016237
0.015637
0.015950
0.016124
0.015872
0.015887
0.015967
0.016143
0.015855
0.016015
0.015978
0.015954
0.015992
0.016384
0.015641
0.015981
0.015963
0.015975
0.015805
0.015734
0.015944
0.015906
0.015905
0.015918
0.015873
0.016052
0.015899
0.015936
0.015931
0.015948
0.015940
0.015877
0.015839
0.016152
0.015549
0.015931
0.015885
0.016082
0.016034
0.015883
0.015995
0.015918
0.015830
0.016013
0.015912
0.016036
0.016107
0.015652
0.015729
0.016050
0.015556
0.015737
0.016002
0.016062
0.015631
0.015904
0.015872
0.016031
0.015925
0.015944
0.015969
0.015923
0.012032
0.016009
0.015931
0.015978
0.016185
0.015516
0.015962
0.016010
0.015908
0.015977
0.015915
0.016457
0.015512
0.015944
0.016002
0.015950
0.015904
0.015987
0.016043
0.015982
0.016586
0.015606
0.015872
0.015982
0.016198
0.015695
0.015975
0.015887
0.015923
0.015979
0.015961
0.016028
0.015794
0.015834
0.015930
0.016007
0.015962
0.015879
0.015967
0.015847
0.015878
0.015963
0.015845
0.016064
0.016214
0.015487
0.015870
0.015856
0.015923
0.015959
0.015824
0.015868
0.015800
0.015956
0.016966
0.014843
0.015924
0.016175
0.015644
0.015357
0.015747
0.015863
0.015968
0.015978
0.016040
0.015796
0.015993
0.016008
0.015934
0.015913
0.015963
0.016100
0.012238
0.015855
0.015916
0.015918
0.015852
0.016096
0.015610
0.015773
0.015932
0.015784
0.015853
0.015786
0.015797
0.015849
0.015924
0.015894
0.015849
0.015832
0.015851
0.015894
0.015887
0.015815
0.015792
0.015863
0.015781
0.016005
0.015406
0.015923
0.015759
0.015783
0.015876
0.015927
0.015940
0.015791
0.015866
0.015833
0.015963
0.015890
0.016134
0.015569
0.015881
0.015923
0.015950
0.015959
0.015940
0.015817
0.015737
0.016037
0.015871
0.015866
0.015742
0.015824
0.015952
0.015935
0.015964
0.009212
0.015623
0.015835
0.016248
0.015288
0.015846
0.015825
0.015743
0.015919
0.015848
0.016052
0.015851
0.011539
0.015853
0.015893
0.011959
0.015495
0.015970
0.015729
0.015887
0.015946
0.015827
0.015833
0.016161
0.015564
0.015921
0.015764
0.015748
0.011922
0.012975
0.015926
0.015828
0.015941
0.015754
0.015789
0.015914
0.015888
0.015941
0.015829
0.015806
0.015880
0.015887
0.016100
0.016145
0.015677
0.015763
0.015977
0.015951
0.016118
0.009781
0.015804
0.010988
0.015995
0.022549
0.015886
0.016087
0.015544
0.015796
0.015939
0.015861
0.013888
0.012928
0.015735
0.012264
0.021641
0.010983
0.015395
0.016286
0.015732
0.015915
0.015798
0.009248
0.011612
0.015877
0.018960
0.015102
0.015942
0.011073
0.022741
0.013461
0.015872
0.015703
0.015910
0.015883
0.015950
0.015644
0.015142
0.018120
0.015907
0.013984
0.010011
0.016079
0.015510
0.015719
0.015709
0.015608
0.015730
0.015776
0.016166
0.015473
0.015821
0.015725
0.015778
0.015837
0.015766
0.015905
0.015727
0.015981
0.015815
0.015799
0.015645
0.016044
0.015530
0.014896
0.015770
0.015589
0.015826
0.015823
0.015830
0.015717
0.015898
0.015653
0.015863
0.015834
0.015874
0.015710
0.015782
0.015799
0.015846
0.015802
0.015785
0.016077
0.015527
0.015819
0.015770
0.015789
0.015959
0.015938
0.016002
0.015917
0.015810
0.015834
0.015785
0.015662
0.016296
0.015256
0.016035
0.015993
0.016011
0.016056
0.015955
0.016212
0.015581
0.015894
0.016043
0.015983
0.016080
0.015960
0.016063
0.015958
0.016011
0.016015
0.015918
0.015864
0.016116
0.015717
0.015825
0.015894
0.015877
0.015877
0.015800
0.016012
0.015891
0.016052
0.016017
0.015870
0.015960
0.015960
0.016687
0.014646
0.015928
0.015997
0.015937
0.015956
0.016202
0.015702
0.015969
0.015961
0.016041
0.016001
0.015853
0.016088
0.015979
0.015986
0.015954
0.015936
0.015936
0.016147
0.015628
0.015971
0.016529
0.015305
0.015960
0.015976
0.016029
0.015841
0.015966
0.015958
0.015923
0.015966
0.016039
0.016044
0.016011
0.016040
0.015965
0.015946
0.015977
0.016131
0.016214
0.015485
0.016006
0.016015
0.016013
0.015942
0.016054
0.015850
0.015968
0.015978
0.015946
0.016005
0.016078
0.016003
0.015945
0.015946
0.016029
0.015992
0.015991
0.016214
0.015744
0.016007
0.016004
0.015929
0.016010
0.015963
0.016083
0.015960
0.015980
0.015947
0.016008
0.015881
0.016157
0.015655
0.016009
0.015944
0.015959
0.015990
0.016024
0.016085
0.015960
0.015967
0.015965
0.015926
0.016007
0.016117
0.016045
0.016050
0.015967
0.015946
0.015994
0.016088
0.016265
0.015541
0.016039
0.015947
0.015916
0.015989
0.016038
0.016111
0.015924
0.016104
0.015947
0.016028
0.015991
0.016193
0.015767
0.015865
0.015900
0.015910
0.016024
0.015935
0.015979
0.015827
0.016123
0.015873
0.016023
0.015950
0.015911
0.016004
0.015904
0.016085
0.015995
0.016042
0.015983
0.016131
0.015667
0.015985
0.016002
0.015976
0.016001
0.015839
0.015913
0.015878
0.016061
0.016001
0.016108
0.015919
0.016111
0.015985
0.016099
0.015822
0.015967
0.015862
0.015873
0.016083
0.015852
0.015990
0.016006
0.015950
0.016043
0.015937
0.015871
0.015841
0.015882
0.015778
0.015798
0.015941
0.015941
0.015993
0.015901
0.015889
0.016059
0.015882
0.015904
0.016201
0.015668
0.016001
0.015915
0.016028
0.016025
0.016204
0.015713
0.016048
0.015867
0.015951
0.015970
0.015882
0.016272
0.015712
0.015934
0.016351
0.015628
0.015837
0.015918
0.015963
0.015948
0.015909
0.015876
0.015938
0.016066
0.015915
0.015992
0.015906
0.016028
0.015945
0.015911
0.015936
0.015962
0.015900
0.015892
0.015706
0.015974
0.015879
0.015938
0.016013
0.015778
0.015954
0.015775
0.015928
0.015998
0.015832
0.016219
0.015473
0.015927
0.015806
0.015889
0.015857
0.015937
0.016402
0.015483
0.015879
0.015886
0.015983
0.015909
0.015928
0.016216
0.015630
0.015867
0.015926
0.015857
0.015913
0.015972
0.016156
0.015544
0.015852
0.015954
0.015932
0.015956
0.015917
0.015978
0.015727
0.015831
0.015791
0.016074
0.015887
0.016155
0.015696
0.015905
0.015797
0.015980
0.015751
0.015942
0.015897
0.015932
0.015860
0.015904
0.015787
0.016006
0.015820
0.016060
0.015860
0.016314
0.015669
0.015810
0.015944
0.016165
0.015749
0.015883
0.015949
0.016063
0.015814
0.016061
0.015879
0.015651
0.015856
0.015749
0.015741
0.015986
0.015927
0.015983
0.015764
0.015996
0.015955
0.015968
0.015861
0.016152
0.015615
0.015866
0.016018
0.015949
0.015873
0.015903
0.015812
0.015843
0.015931
0.015954
0.015854
0.015898
0.015834
0.015950
0.016056
0.015934
0.015900
0.015909
0.015881
0.016102
0.015695
0.015929
0.015862
0.015921
0.015757
0.015859
0.016011
0.016019
0.015794
0.016038
0.015888
0.016046
0.016213
0.015735
0.015935
0.015942
0.015968
0.016098
0.015878
0.015998
0.015915
0.015838
0.015846
0.016017
0.016043
0.016035
0.016231
0.015573
0.015866
0.015803
0.015687
0.015980
0.016123
0.015363
0.015857
0.015972
0.015755
0.015894
0.015806
0.016167
0.015660
0.015921
0.015730
0.015983
0.015897
0.015937
0.015934
0.016070
0.015878
0.015879
0.015853
0.015858
0.015848
0.015894
0.015920
0.015835
0.015960
0.015857
0.015842
0.016209
0.015553
0.015875
0.015865
0.015963
0.015853
0.015895
0.015946
0.015852
0.015957
0.015948
0.015864
0.016021
0.015947
0.015975
0.015799
0.015887
0.015755
0.015844
0.015917
0.016068
0.015370
0.015801
0.015807
0.015898
0.015820
0.015916
0.015947
0.015793
0.015844
0.015860
0.015837
0.015994
0.015897
0.015789
0.015692
0.016031
0.015956
0.015989
0.015852
0.016290
0.015566
0.015897
0.015907
0.015959
0.017102
0.015703
0.015632
0.015285
0.015898
0.015873
0.015941
0.015892
0.015808
0.016078
0.015858
0.016011
0.016090
0.016079
0.016039
0.016037
0.016023
0.016087
0.016015
0.016040
0.016057
0.015961
0.016501
0.015552
0.015988
0.016008
0.015956
0.016006
0.016056
0.016134
0.015904
0.015950
0.015924
0.016011
0.016014
0.016120
0.015923
0.016107
0.016031
0.015994
0.016039
0.016096
0.014533
0.014512
0.016011
0.015968
0.016026
0.016073
0.015396
0.016129
0.015916
0.015967
0.016015
0.016121
0.015969
0.016150
0.015650
0.015988
0.015988
0.016113
0.016120
0.015970
0.016141
0.016000
0.016135
0.016154
0.015955
0.016008
0.015835
0.016050
0.016032
0.016094
0.016222
0.015950
0.016079
0.016241
0.015823
0.016069
0.016145
0.016042
0.016038
0.016071
0.016085
0.015975
0.016110
0.016046
0.016093
0.016034
0.016293
0.015788
0.016058
0.016016
0.015967
0.016033
0.016083
0.016074
0.016106
0.015952
0.015985
0.016026
0.016048
0.015900
0.016069
0.015959
0.016009
0.015842
0.015943
0.016012
0.016190
0.015681
0.015951
0.015943
0.016025
0.016052
0.015989
0.016136
0.015869
0.016019
0.016019
0.016020
0.016021
0.016179
0.015757
0.015961
0.016086
0.016018
0.015937
0.015976
0.016052
0.015968
0.016040
0.015891
0.016030
0.015995
0.015928
0.016017
0.016068
0.016018
0.015987
0.016040
0.015963
0.016101
0.015797
0.016029
0.016164
0.015897
0.017198
0.014747
0.016022
0.015908
0.015953
0.015953
0.015993
0.016023
0.015910
0.016043
0.015915
0.015943
0.015957
0.016048
0.015989
0.016193
0.015694
0.015996
0.015918
0.015878
0.015966
0.016471
0.015522
0.015941
0.015736
0.015975
0.015963
0.015843
0.016142
0.015691
0.015968
0.015902
0.016073
0.016056
0.016130
0.015942
0.015892
0.015958
0.016137
0.015938
0.015902
0.015906
0.015964
0.015980
0.015898
0.016057
0.015921
0.016016
0.016273
0.015673
0.015706
0.015877
0.016026
0.015857
0.015820
0.015960
0.015340
0.015991
0.015876
0.015806
0.015807
0.015956
0.016300
0.015234
0.015689
0.016385
0.015436
0.015882
0.015915
0.016190
0.015670
0.015935
0.015901
0.015941
0.015960
0.015938
0.015885
0.015757
0.015810
0.015953
0.015956
0.016052
0.015960
0.016033
0.015803
0.016030
0.015781
0.015849
0.015801
0.015980
0.016364
0.015430
0.015863
0.016011
0.015871
0.015856
0.015941
0.015889
0.015771
0.016000
0.015771
0.015994
0.015817
0.015904
0.015985
0.015890
0.015791
0.015546
0.015783
0.016058
0.014411
0.015475
0.015013
0.015133
0.015274
0.015307
0.015166
0.015697
0.015002
0.015703
0.015297
0.015939
0.014776
0.015774
0.016329
0.015512
0.015724
0.015823
0.015943
0.016011
0.016448
0.015610
0.015195
0.015860
0.015949
0.015858
0.015882
0.015864
0.016062
0.015678
0.015743
0.016003
0.015802
0.015813
0.015840
0.016004
0.015751
0.015873
0.016812
0.015081
0.015922
0.015745
0.016464
0.015401
0.015930
0.015896
0.015830
0.015953
0.015942
0.015821
0.015815
0.015944
0.015797
0.015867
0.015892
0.015952
0.015918
0.015867
0.015691
0.015962
0.015936
0.015816
0.015854
0.015800
0.015917
0.015951
0.015933
0.015933
0.015811
0.016464
0.015503
0.015979
0.015901
0.015880
0.015927
0.015904
0.016393
0.015407
0.015899
0.015997
0.015925
0.015980
0.015867
0.016113
0.015707
0.015886
0.015741
0.015988
0.015808
0.015880
0.015971
0.015938
0.015881
0.015858
0.015876
0.015934
0.015916
0.015830
0.015929
0.015939
0.015800
0.015381
0.015896
0.015923
0.015991
0.015751
0.015965
0.016021
0.015775
0.015869
0.015802
0.015943
0.015805
0.015837
0.015794
0.015872
0.015716
0.015687
0.015959
0.015887
0.015816
0.015699
0.015864
0.015952
0.015921
0.015830
0.015968
0.015840
0.015741
0.015859
0.015799
0.015948
0.015898
0.015896
0.015912
0.015809
0.015923
0.015809
0.016109
0.015618
0.015878
0.015792
0.015871
0.016403
0.015508
0.016088
0.015332
0.015956
0.008510
0.010276
0.015733
0.015904
0.015793
0.015726
0.015780
0.015960
0.015784
0.015699
0.015883
0.015983
0.015838
0.016152
0.015578
0.015989
0.015690
0.015835
0.015962
0.015832
0.016315
0.015529
0.013827
0.015789
0.016163
0.015601
0.015826
0.015874
0.015789
0.015903
0.015887
0.015805
0.015805
0.015736
0.015860
0.015860
0.015927
0.015660
0.015756
0.015826
0.015817
0.015402
0.015433
0.015468
0.015796
0.015956
0.015844
0.015841
0.015892
0.016371
0.013445
0.015793
0.015837
0.015885
0.015893
0.015972
0.016383
0.013733
0.015801
0.015920
0.015849
0.015907
0.015939
0.016516
0.015335
0.016000
0.015954
0.015854
0.015989
0.011412
0.017579
0.015885
0.015947
0.015870
0.015862
0.015845
0.016415
0.015491
0.015836
0.015920
0.015974
0.014487
0.015986
0.015926
0.015917
0.016034
0.016061
0.016022
0.015922
0.016205
0.015774
0.013960
0.015990
0.015971
0.015889
0.015822
0.016319
0.015714
0.015876
0.015977
0.015901
0.017634
0.021658
0.031846
0.032657
0.032988
0.032151
0.032577
0.032605
0.032649
0.032528
0.032587
0.032783
0.028508
0.040355
0.032585
0.032607
0.032687
0.032222
0.032594
0.032742
0.032403
0.032594
0.033122
0.032649
0.032257
0.006086
0.015683
0.015908
0.015953
0.015883
0.016023
0.015953
0.015873
0.015932
0.016005
0.015971
0.015934
0.016044
0.015906
0.016104
0.015957
0.015960
0.016002
0.015892
0.015985
0.016138
0.016202
0.013976
0.015886
0.015946
0.015917
0.016055
0.015983
0.015910
0.016018
0.015976
0.015930
0.015903
0.015946
0.015713
0.015892
0.015511
0.015996
0.016083
0.016058
0.016010
0.016045
0.015881
0.016031
0.015989
0.016007
0.015990
0.015999
0.016026
0.016000
0.014219
0.016004
0.015960
0.016080
0.015933
0.015934
0.015909
0.014370
0.015881
0.015847
0.015957
0.015922
0.016034
0.015892
0.015886
0.015917
0.015976
0.015935
0.015959
0.015950
0.015973
0.015967
0.016008
0.015974
0.015898
0.015961
0.015931
0.015987
0.015900
0.015928
0.015968
0.016011
0.015907
0.015790
0.015750
0.015929
0.016269
0.015534
0.016136
0.015857
0.015948
0.015752
0.016055
0.015923
0.016232
0.015932
0.015849
0.015969
0.015878
0.015907
0.016074
0.015893
0.015964
0.015724
0.015952
0.015870
0.015790
0.015844
0.015960
0.015921
0.015918
0.015895
0.016019
0.015992
0.015784
0.016016
0.016143
0.016013
0.016333
0.015864
0.016009
0.016049
0.015995
0.015841
0.015873
0.015882
0.015915
0.015898
0.016020
0.015998
0.015903
0.015884
0.015966
0.016034
0.015930
0.015771
0.015815
0.015945
0.015932
0.015794
0.015981
0.015916
0.015927
0.015965
0.015862
0.016012
0.015711
0.015997
0.015733
0.016008
0.015896
0.015904
0.015951
0.016038
0.015892
0.015925
0.015887
0.016017
0.015925
0.016030
0.015851
0.015985
0.015833
0.015792
0.015896
0.015768
0.015795
0.015946
0.015864
0.015905
0.015994
0.015864
0.015890
0.015938
0.015882
0.015950
0.016010
0.015956
0.015890
0.015948
0.015945
0.015789
0.015966
0.015902
0.015741
0.015884
0.015916
0.015717
0.015909
0.015904
0.015943
0.015970
0.015782
0.015998
0.015905
0.015869
0.015840
0.015851
0.015839
0.015919
0.015991
0.015948
0.016004
0.015903
0.015874
0.015930
0.016006
0.015913
0.015888
0.015911
0.015843
0.015910
0.015997
0.015885
0.015958
0.015962
0.015948
0.015968
0.015990
0.015887
0.016065
0.015887
0.015863
0.015741
0.015983
0.016003
0.015798
0.015962
0.015814
0.015944
0.016002
0.015910
0.016034
0.015937
0.015906
0.015806
0.015868
0.015995
0.015963
0.015977
0.015926
0.016009
0.016007
0.015823
0.015916
0.015912
0.015858
0.015786
0.015901
0.016002
0.015967
0.015911
0.015904
0.015902
0.015879
0.015821
0.015937
0.015950
0.015917
0.015952
0.015947
0.016050
0.015898
0.015988
0.015854
0.015951
0.015883
0.015876
0.015776
0.015908
0.015844
0.015804
0.016042
0.015896
0.015931
0.015922
0.015901
0.016025
0.015947
0.015937
0.015934
0.015961
0.015893
0.015856
0.015811
0.015977
0.015848
0.016020
0.015861
0.015940
0.015897
0.015816
0.016034
0.015926
0.015913
0.015793
0.015919
0.015968
0.015977
0.015975
0.015206
0.015951
0.015918
0.015750
0.015737
0.015978
0.015930
0.015810
0.016069
0.016045
0.015912
0.015901
0.015889
0.016011
0.015945
0.015954
0.015961
0.015985
0.015858
0.015822
0.015746
0.015962
0.015954
0.015695
0.015855
0.016372
0.015578
0.015935
0.015729
0.016040
0.015700
0.015821
0.015999
0.015879
0.015868
0.015666
0.015925
0.015771
0.015926
0.015317
0.015795
0.015828
0.015749
0.015682
0.015873
0.015886
0.015851
0.011432
0.015811
0.015957
0.015868
0.015776
0.015826
0.015773
0.015714
0.015909
0.015864
0.015795
0.015613
0.015851
0.015892
0.015496
0.016008
0.015761
0.015938
0.015925
0.015848
0.015914
0.015986
0.015837
0.015816
0.015860
0.015852
0.015931
0.015891
0.015844
0.015909
0.015807
0.015967
0.016125
0.015720
0.015975
0.015906
0.015882
0.015874
0.015957
0.015769
0.015905
0.015874
0.015901
0.015935
0.016030
0.015984
0.016060
0.015839
0.016043
0.016024
0.016060
0.015988
0.015941
0.015892
0.015982
0.016009
0.015939
0.016038
0.015954
0.015973
0.015909
0.016017
0.015921
0.015932
0.015997
0.015933
0.016021
0.015914
0.015960
0.016027
0.016014
0.016037
0.015891
0.016003
0.015975
0.016136
0.015588
0.015813
0.015963
0.016034
0.015948
0.015931
0.015987
0.016009
0.015991
0.015930
0.016031
0.016038
0.015959
0.015949
0.016031
0.015939
0.016031
0.015897
0.016008
0.015922
0.015987
0.015966
0.015969
0.016002
0.015966
0.015965
0.015981
0.015962
0.016003
0.015973
0.015940
0.015893
0.015982
0.015903
0.016048
0.015970
0.015979
0.016004
0.015987
0.015885
0.015991
0.016014
0.014754
0.015972
0.015870
0.015880
0.016009
0.016014
0.015945
0.015884
0.016118
0.015982
0.016035
0.016399
0.015898
0.015802
0.016007
0.016012
0.015857
0.016100
0.016288
0.015732
0.015884
0.015976
0.015997
0.015978
0.016166
0.015849
0.015953
0.015988
0.016031
0.016043
0.016041
0.016151
0.015925
0.015890
0.016133
0.016017
0.016116
0.015778
0.016129
0.015730
0.015957
0.016184
0.015714
0.016095
0.016021
0.016004
0.015968
0.016096
0.016031
0.016069
0.015942
0.015967
0.015975
0.016014
0.016058
0.016012
0.016037
0.015995
0.016038
0.016228
0.015742
0.015962
0.016006
0.016229
0.015811
0.015977
0.015922
0.015548
0.015883
0.015976
0.015866
0.015929
0.015972
0.015923
0.015977
0.016041
0.015458
0.015909
0.015878
0.015860
0.015983
0.015891
0.016057
0.015879
0.015937
0.015886
0.015955
0.015902
0.015848
0.015945
0.016218
0.015612
0.016012
0.015889
0.016209
0.015558
0.016037
0.015694
0.016048
0.015850
0.015968
0.016138
0.015759
0.015868
0.015972
0.015948
0.015915
0.016140
0.015674
0.015903
0.015969
0.015960
0.015897
0.015854
0.016379
0.015447
0.016004
0.015762
0.015892
0.015890
0.016015
0.016209
0.015677
0.015887
0.015894
0.015973
0.015691
0.015748
0.016131
0.015970
0.015875
0.015839
0.016572
0.015584
0.016102
0.015702
0.015988
0.015895
0.016024
0.015994
0.015838
0.015974
0.015800
0.015976
0.016011
0.015786
0.016019
0.016210
0.015611
0.015996
0.015909
0.015961
0.015980
0.015896
0.015995
0.016010
0.016000
0.015868
0.015952
0.015925
0.016226
0.015641
0.015864
0.015828
0.015957
0.015917
0.015904
0.015901
0.015998
0.015877
0.015873
0.015848
0.015960
0.016246
0.015572
0.015802
0.015982
0.015800
0.015842
0.015932
0.016148
0.015708
0.015898
0.015863
0.015890
0.015957
0.015892
0.016303
0.016006
0.015620
0.015929
0.015891
0.015956
0.015950
0.015794
0.015814
0.015911
0.015702
0.015851
0.015824
0.015953
0.015815
0.016024
0.015791
0.015884
0.015899
0.015890
0.015837
0.015911
0.016013
0.015675
0.015985
0.015969
0.015934
0.015976
0.016009
0.015940
0.016067
0.015998
0.015955
0.015959
0.015972
0.015963
0.016024
0.015950
0.015981
0.015876
0.015959
0.015982
0.015969
0.015991
0.015976
0.015926
0.015914
0.015875
0.015890
0.016015
0.015887
0.015855
0.015811
0.015926
0.015830
0.015799
0.015809
0.015960
0.015871
0.015909
0.015879
0.015978
0.016032
0.015930
0.015886
0.015936
0.015964
