0.001239
0.001225
0.001450
0.001268
0.001230
0.001231
0.001231
0.002952
0.001355
0.001234
0.001232
0.001232
0.001230
0.001240
0.001229
0.001228
0.001230
0.001259
0.001225
0.001230
0.001230
0.001238
0.001233
0.001238
0.001233
0.001225
0.001226
0.001237
0.001233
0.001226
0.001224
0.001225
0.001227
0.001223
0.001234
0.001224
0.001225
0.001225
0.001224
0.001230
0.001226
0.001225
0.001226
0.001238
0.001228
0.001230
0.001222
0.001230
0.001228
0.001231
0.001228
0.001230
0.001229
0.001232
0.001239
0.001234
0.001231
0.001233
0.001238
0.001229
0.001228
0.001358
0.001233
0.001225
0.001230
0.001229
0.001230
0.001229
0.001226
0.001227
0.001226
0.001239
0.001234
0.001226
0.001225
0.001224
0.001232
0.001224
0.001234
0.001224
0.001224
0.001223
0.001225
0.001221
0.001231
0.001224
0.001228
0.001225
0.001224
0.001126
0.001139
0.001127
0.001130
0.001137
0.001130
0.001131
0.001130
0.001139
0.001129
0.001136
0.001130
0.001127
0.001130
0.001138
0.001125
0.001139
0.001137
0.001127
0.001127
0.001125
0.001125
0.001139
0.001138
0.001138
0.001137
0.001135
0.001136
0.001138
0.001136
0.001138
0.001137
0.001126
0.001138
0.001138
0.001138
0.001136
0.001138
0.001137
0.001136
0.001136
0.001141
0.001137
0.001138
0.001125
0.001127
0.001130
0.001138
0.001141
0.001126
0.001125
0.001128
0.001133
0.001126
0.001132
0.001131
0.001131
0.001132
0.001133
0.001133
0.001130
0.001132
0.001132
0.001133
0.001132
0.001131
0.001132
0.001131
0.001130
0.001131
0.001132
0.001133
0.001132
0.001131
0.001131
0.001133
0.001132
0.001132
0.001132
0.001130
0.001252
0.001132
0.001133
0.001140
0.001129
0.001140
0.001142
0.001137
0.001140
0.001126
0.001133
0.001125
0.001137
0.001097
0.001122
0.001112
0.001100
0.001110
0.001109
0.001111
0.001098
0.001108
0.001112
0.001108
0.001112
0.001103
0.001103
0.001103
0.001103
0.001102
0.001102
0.001101
0.001099
0.001109
0.001099
0.001097
0.001097
0.001098
0.001108
0.001098
0.001099
0.001101
0.001098
0.001099
0.001099
0.001097
0.001100
0.001099
0.001111
0.001098
0.001107
0.001097
0.001098
0.001107
0.001097
0.001097
0.001107
0.001107
0.001087
0.001108
0.001098
0.001096
0.001096
0.001107
0.001109
0.001099
0.001096
0.001097
0.001097
0.001097
0.001103
0.001109
0.001102
0.001120
0.001106
0.001098
0.001100
0.001098
0.001097
0.001098
0.001102
0.001100
0.001111
0.001099
0.001104
0.001100
0.001097
0.001104
0.001112
0.001109
0.001111
0.001106
0.001110
0.001103
0.001109
0.001097
0.001112
0.001105
0.001110
0.001105
0.001105
0.001099
0.001100
0.001104
0.001100
0.001101
0.001099
0.001101
0.001099
0.001105
0.001120
0.001105
0.001101
0.001104
0.001100
0.001100
0.001101
0.001101
0.001101
0.001110
0.001103
0.001099
0.001104
0.001103
0.001111
0.001104
0.001103
0.001103
0.001104
0.001099
0.001100
0.001100
0.001100
0.001101
0.001100
0.001100
0.001101
0.001100
0.001099
0.001099
0.001183
0.001103
0.001111
0.001100
0.001098
0.001099
0.001099
0.001107
0.001100
0.001109
0.001100
0.001101
0.001107
0.001107
0.001101
0.001107
0.001107
0.001109
0.001106
0.001101
0.001106
0.001102
0.001105
0.001100
0.001101
0.001101
0.001116
0.001105
0.001102
0.001107
0.001102
0.001100
0.001103
0.001102
0.001102
0.001114
0.001101
0.001107
0.001104
0.001102
0.001102
0.001101
0.001100
0.001102
0.001102
0.001102
0.001100
0.001103
0.001101
0.001100
0.001102
0.001101
0.001102
0.001099
0.001100
0.001101
0.001100
0.001101
0.001099
0.001106
0.001100
0.001105
0.001104
0.001099
0.001097
0.001106
0.001100
0.001102
0.001101
0.001099
0.001102
0.001110
0.001182
0.001101
0.001098
0.001099
0.001104
0.001100
0.001108
0.001100
0.001100
0.001100
0.001101
0.001104
0.001100
0.001109
0.001098
0.001100
0.001109
0.001098
0.001113
0.001098
0.001107
0.001108
0.001106
0.001103
0.001100
0.001109
0.001097
0.001108
0.001099
0.001098
0.001100
0.001098
0.001108
0.001097
0.001098
0.001109
0.001099
0.001097
0.001098
0.001107
0.001096
0.001099
0.001109
0.001098
0.001108
0.001098
0.001112
0.001102
0.001098
0.001109
0.001103
0.001100
0.001104
0.001108
0.001103
0.001108
0.001102
0.001103
0.001109
0.001106
0.001103
0.001106
0.001103
0.001102
0.001101
0.001105
0.001103
0.001099
0.001101
0.001098
0.001100
0.001101
0.001108
0.001099
0.001099
0.001100
0.001101
0.001101
0.001100
0.001099
0.001103
0.001102
0.001105
0.001103
0.001102
0.001102
0.001103
0.001101
0.001098
0.001101
0.001099
0.001100
0.001099
0.001098
0.001102
0.001101
0.001100
0.001101
0.001101
0.001101
0.001102
0.001099
0.001100
0.001101
0.001101
0.001099
0.001100
0.001104
0.001099
0.001099
0.001101
0.001098
0.001100
0.001099
0.001100
0.001104
0.001101
0.001099
0.001101
0.001104
0.001100
0.001099
0.001100
0.001098
0.001099
0.001101
0.001099
0.001100
0.001100
0.001107
0.001102
0.001101
0.001102
0.001100
0.001100
0.001100
0.001102
0.001101
0.001108
0.001107
0.001108
0.001104
0.001107
0.001102
0.001102
0.001101
0.001101
0.001106
0.001103
0.001103
0.001105
0.001102
0.001104
0.001104
0.001104
0.001104
0.001110
0.001104
0.001103
0.001102
0.001102
0.001101
0.001099
0.001101
0.001099
0.001100
0.001101
0.001101
0.001098
0.001100
0.001055
0.001059
0.001059
0.001058
0.001061
0.001058
0.001063
0.001060
0.001072
0.001060
0.001059
0.001059
0.001058
0.001059
0.001059
0.001059
0.001058
0.001066
0.001060
0.001059
0.001058
0.001058
0.001062
0.001069
0.001057
0.001059
0.001057
0.001059
0.001057
0.001064
0.001060
0.001069
0.001058
0.001057
0.001063
0.001060
0.001069
0.001057
0.001058
0.001062
0.001057
0.001068
0.001056
0.001067
0.001068
0.001057
0.001059
0.001066
0.001059
0.001067
0.001058
0.001058
0.001072
0.001057
0.001069
0.001058
0.001067
0.001058
0.001057
0.001063
0.001097
0.001067
0.001056
0.001067
0.001060
0.001069
0.001059
0.001056
0.001070
0.001056
0.001066
0.001057
0.001058
0.001066
0.001108
0.001062
0.001068
0.001062
0.001059
0.001072
0.001058
0.001068
0.001069
0.001068
0.001058
0.001058
0.001069
0.001058
0.001067
0.001058
0.001066
0.001056
0.001058
0.001067
0.001060
0.001068
0.001100
0.001068
0.001056
0.001057
0.001073
0.001059
0.001068
0.001058
0.001073
0.001068
0.001068
0.001068
0.001056
0.001069
0.001058
0.001064
0.001057
0.001058
0.001056
0.001058
0.001066
0.001056
0.001065
0.001067
0.001057
0.001067
0.001057
0.001067
0.001058
0.001069
0.001070
0.001069
0.001069
0.001067
0.001059
0.001058
0.001073
0.001059
0.001068
0.001062
0.001068
0.001068
0.001058
0.001058
0.001057
0.001068
0.001057
0.001058
0.001063
0.001062
0.001069
0.001057
0.001057
0.001067
0.001057
0.001067
0.001071
0.001057
0.001058
0.001057
0.001066
0.001058
0.001058
0.001058
0.001057
0.001058
0.001059
0.001061
0.001061
0.001060
0.001060
0.001061
0.001059
0.001061
0.001060
0.001064
0.001061
0.001070
0.001071
0.001058
0.001061
0.001057
0.001057
0.001058
0.001069
0.001060
0.001067
0.001058
0.001056
0.001069
0.001068
0.001058
0.001061
0.001081
0.001062
0.001057
0.001059
0.001058
0.001058
0.001070
0.001068
0.001058
0.001055
0.001072
0.001056
0.001057
0.001071
0.001067
0.001068
0.001075
0.001071
0.001068
0.001068
0.001067
0.001069
0.001056
0.001062
0.001061
0.001063
0.001063
0.001063
0.001062
0.001062
0.001063
0.001061
0.001063
0.001064
0.001064
0.001064
0.001062
0.001065
0.001064
0.001063
0.001061
0.001062
0.001062
0.001061
0.001060
0.001060
0.001064
0.001062
0.001061
0.001063
0.001063
0.001063
0.001063
0.001061
0.001062
0.001062
0.001063
0.001062
0.001069
0.001065
0.001063
0.001062
0.001062
0.001064
0.001064
0.001061
0.001063
0.001059
0.001063
0.001072
0.001062
0.001062
0.001068
0.001071
0.001068
0.001068
0.001072
0.001068
0.001063
0.001067
0.001070
0.001067
0.001078
0.001068
0.001059
0.001057
0.001057
0.001058
0.001058
0.001068
0.001058
0.001066
0.001062
0.001057
0.001069
0.001059
0.001064
0.001057
0.001061
0.001096
0.001109
0.001057
0.001061
0.001065
0.001065
0.001066
0.001067
0.001058
0.001064
0.001063
0.001058
0.001056
0.001061
0.001062
0.001068
0.001063
0.001058
0.001083
0.001068
0.001057
0.001059
0.001062
0.001067
0.001055
0.001057
0.001067
0.001060
0.001057
0.001057
0.001058
0.001063
0.001059
0.001070
0.001067
0.001068
0.001057
0.001070
0.001068
0.001057
0.001062
0.001070
0.001058
0.001062
0.001064
0.001062
0.001063
0.001062
0.001063
0.001062
0.001062
0.001062
0.001062
0.001063
0.001061
0.001069
0.001065
0.001064
0.001063
0.001061
0.001061
0.001063
0.001068
0.001062
0.001061
0.001062
0.001063
0.001063
0.001062
0.001062
0.001062
0.001069
0.001067
0.001063
0.001063
0.001063
0.001073
0.001062
0.001062
0.001063
0.001063
0.001063
0.001063
0.001064
0.001062
0.001061
0.001063
0.001064
0.001060
0.001063
0.001062
0.001061
0.001063
0.001062
0.001061
0.001061
0.001061
0.001062
0.001058
0.001055
0.001059
0.001062
0.001057
0.001058
0.001069
0.001059
0.001058
0.001058
0.001058
0.001068
0.001076
0.001057
0.001056
0.001060
0.001067
0.001057
0.001059
0.001068
0.001058
0.001056
0.001063
0.001058
0.001067
0.001063
0.001070
0.001064
0.001058
0.001074
0.001059
0.001063
0.001061
0.001059
0.001057
0.001068
0.001062
0.001059
0.001068
0.001058
0.001056
0.001057
0.001059
0.001058
0.001057
0.001058
0.001058
0.001057
0.001059
0.001060
0.001057
0.001057
0.001060
0.001059
0.001059
0.001059
0.001058
0.001058
0.001056
0.001058
0.001057
0.001058
0.001096
0.001058
0.001072
0.001059
0.001069
0.001058
0.001057
0.001068
0.001104
0.001069
0.001065
0.001067
0.001065
0.001066
0.001057
0.001059
0.001061
0.001099
0.001059
0.001056
0.001057
0.001057
0.001058
0.001058
0.001068
0.001061
0.001069
0.001059
0.001058
0.001067
0.001058
0.001067
0.001058
0.001059
0.001067
0.001063
0.001057
0.001068
0.001057
0.001057
0.001057
0.001058
0.001067
0.001059
0.001067
0.001059
0.001058
0.001069
0.001060
0.001059
0.001058
0.001058
0.001059
0.001058
0.001057
0.001058
0.001057
0.001067
0.001060
0.001068
0.001060
0.001060
0.001057
0.001059
0.001059
0.001059
0.001059
0.001057
0.001058
0.001058
0.001058
0.001067
0.001058
0.001060
0.001057
0.001058
0.001059
0.001068
0.001058
0.001100
0.001060
0.001059
0.001058
0.001061
0.001060
0.001059
0.001058
0.001059
0.001059
0.001060
0.001061
0.001059
0.001057
0.001059
0.001058
0.001059
0.001064
0.001056
0.001069
0.001064
0.001069
