0.008664
0.009753
0.016691
0.015316
0.016055
0.015848
0.016024
0.016025
0.016003
0.016385
0.014599
0.016407
0.015643
0.016152
0.015653
0.015919
0.015937
0.015950
0.015935
0.015869
0.016128
0.015784
0.014033
0.015636
0.015977
0.015721
0.016009
0.016015
0.015830
0.015900
0.016057
0.016164
0.015818
0.016220
0.015801
0.015976
0.015823
0.015854
0.016109
0.016067
0.015962
0.015936
0.016041
0.015698
0.015348
0.015253
0.015483
0.016034
0.015818
0.015792
0.013311
0.015955
0.015798
0.016182
0.015645
0.015930
0.015728
0.014214
0.015151
0.015753
0.016069
0.016060
0.016136
0.015782
0.016118
0.015690
0.016083
0.015807
0.016072
0.016001
0.015946
0.016053
0.016174
0.016168
0.015811
0.016148
0.015741
0.016052
0.015849
0.014984
0.016023
0.015959
0.016280
0.015744
0.016188
0.015749
0.016073
0.015902
0.016121
0.015927
0.015906
0.015909
0.015690
0.016234
0.015504
0.016152
0.015809
0.016055
0.015924
0.016026
0.015897
0.015806
0.015944
0.015943
0.016271
0.015895
0.016228
0.015660
0.016006
0.016034
0.013861
0.015831
0.015874
0.016160
0.015782
0.016282
0.015823
0.016135
0.015050
0.015920
0.015831
0.015936
0.015923
0.016019
0.016258
0.015789
0.016117
0.015792
0.016120
0.015828
0.015833
0.015961
0.015939
0.015991
0.015793
0.016004
0.015693
0.016248
0.015756
0.015961
0.015905
0.012951
0.015764
0.015885
0.016155
0.015719
0.016133
0.015725
0.016016
0.015783
0.015838
0.015848
0.015925
0.015831
0.015906
0.016123
0.009661
0.016049
0.015633
0.015921
0.015905
0.015928
0.015985
0.015861
0.015727
0.015989
0.015791
0.015692
0.016150
0.015677
0.015800
0.015789
0.016038
0.015841
0.015993
0.016131
0.015763
0.016077
0.013193
0.016087
0.015719
0.016019
0.015475
0.015713
0.016000
0.015993
0.016066
0.015763
0.016001
0.015788
0.015561
0.015845
0.015912
0.015956
0.015900
0.015927
0.015936
0.016042
0.015918
0.015749
0.015857
0.015975
0.014387
0.015832
0.015894
0.016023
0.015768
0.015878
0.015897
0.016135
0.015818
0.015843
0.015940
0.015924
0.015872
0.015996
0.015769
0.015896
0.010982
0.016013
0.015880
0.015917
0.015853
0.015899
0.016035
0.015669
0.015818
0.016042
0.015847
0.015844
0.015944
0.015855
0.016220
0.015781
0.015895
0.015874
0.015933
0.015902
0.015137
0.015815
0.016000
0.016063
0.015783
0.015806
0.015830
0.015879
0.015702
0.015838
0.015854
0.015824
0.015933
0.016112
0.015727
0.015804
0.015547
0.015927
0.015935
0.015711
0.015993
0.015988
0.015889
0.015791
0.015634
0.015915
0.015968
0.015797
0.016011
0.015798
0.015921
0.016046
0.015885
0.015794
0.015862
0.016226
0.015937
0.015208
0.015874
0.015951
0.008864
0.013917
0.014079
0.015879
0.015853
0.015967
0.015976
0.016087
0.016059
0.015528
0.015985
0.015951
0.015999
0.015942
0.015921
0.015958
0.015962
0.015924
0.015966
0.015956
0.015922
0.015930
0.013796
0.015918
0.015973
0.015824
0.015919
0.015891
0.015913
0.015988
0.015952
0.015888
0.015981
0.016008
0.015980
0.015853
0.015950
0.015942
0.015914
0.015942
0.015785
0.015928
0.015999
0.015847
0.015868
0.015860
0.016027
0.016008
0.015924
0.015850
0.013798
0.015887
0.015966
0.015951
0.016001
0.015818
0.015785
0.014319
0.015739
0.016062
0.015801
0.015803
0.015802
0.015779
0.015909
0.015796
0.015786
0.015811
0.015768
0.015764
0.015766
0.015743
0.015938
0.015841
0.015819
0.015773
0.015845
0.015782
0.015871
0.015782
0.015749
0.015793
0.015909
0.015854
0.015861
0.015764
0.015750
0.015820
0.015908
0.015699
0.015823
0.015929
0.015853
0.015880
0.015984
0.015878
0.015746
0.015829
0.015781
0.015993
0.015751
0.015700
0.015873
0.015900
0.015990
0.015795
0.015857
0.015918
0.015849
0.015818
0.015909
0.015852
0.015753
0.015771
0.015834
0.015807
0.015769
0.016042
0.016001
0.015884
0.015818
0.015835
0.015862
0.015830
0.015916
0.015712
0.015822
0.015905
0.015802
0.015762
0.015849
0.015942
0.015814
0.015833
0.015841
0.015796
0.015821
0.015812
0.015845
0.015758
0.015816
0.015777
0.015783
0.015851
0.015787
0.015794
0.015976
0.015753
0.015785
0.015941
0.015850
0.015749
0.015754
0.015864
0.015910
0.015916
0.015946
0.015920
0.016043
0.015882
0.015856
0.015824
0.015955
0.015979
0.015815
0.015847
0.015889
0.015838
0.015936
0.015921
0.015944
0.015759
0.015990
0.015736
0.015832
0.015873
0.015786
0.015857
0.015830
0.016074
0.015906
0.016075
0.015757
0.016072
0.015947
0.016045
0.016028
0.015942
0.016085
0.015952
0.016013
0.015984
0.015985
0.015875
0.015952
0.016124
0.015892
0.015922
0.015977
0.015916
0.015932
0.015979
0.015919
0.015954
0.016094
0.015974
0.016053
0.016084
0.015978
0.015854
0.015995
0.015993
0.015935
0.016105
0.015943
0.016027
0.016043
0.015864
0.016090
0.016038
0.015945
0.015994
0.016007
0.015930
0.016058
0.015959
0.015834
0.015962
0.015953
0.015920
0.015943
0.016152
0.015872
0.015931
0.015893
0.015950
0.015953
0.016032
0.015957
0.016057
0.015962
0.015998
0.015953
0.015922
0.015909
0.015941
0.015980
0.016001
0.016013
0.016007
0.015923
0.015985
0.015984
0.015975
0.016000
0.015891
0.016037
0.015859
0.016038
0.016009
0.016052
0.016069
0.016039
0.015949
0.016055
0.016022
0.015697
0.015988
0.015981
0.015929
0.016013
0.015946
0.016060
0.015960
0.016008
0.015940
0.016057
0.015887
0.015992
0.016055
0.016025
0.016074
0.015974
0.016098
0.016053
0.015953
0.015999
0.015949
0.016011
0.015942
0.016007
0.016034
0.015995
0.015824
0.015917
0.015970
0.015891
0.016019
0.015996
0.015975
0.016007
0.015920
0.016038
0.016022
0.016044
0.015886
0.015987
0.015965
0.015989
0.016030
0.016004
0.016001
0.016008
0.016000
0.016025
0.015862
0.015934
0.016067
0.015972
0.015979
0.015905
0.016032
0.015827
0.015899
0.015946
0.015985
0.015912
0.015967
0.015891
0.015831
0.016008
0.015917
0.015941
0.015953
0.015861
0.015836
0.015992
0.015962
0.015907
0.015278
0.015994
0.015920
0.015933
0.015921
0.015894
0.015828
0.015932
0.015837
0.015803
0.015972
0.016014
0.015765
0.015997
0.015913
0.015997
0.016032
0.015937
0.016063
0.015903
0.016119
0.015692
0.015826
0.015550
0.015934
0.015970
0.015970
0.015903
0.015988
0.015919
0.015869
0.015966
0.015947
0.015917
0.015934
0.015963
0.015857
0.015896
0.015734
0.015872
0.015950
0.015854
0.015859
0.016000
0.015751
0.015941
0.015982
0.015900
0.015827
0.015887
0.015826
0.015995
0.015898
0.015943
0.015869
0.015987
0.015884
0.015936
0.015926
0.015983
0.015915
0.016033
0.015904
0.016080
0.015903
0.015988
0.015828
0.016007
0.015847
0.016000
0.015934
0.015953
0.015818
0.015899
0.015873
0.015988
0.016016
0.015890
0.015814
0.015953
0.015799
0.015957
0.015887
0.015944
0.015851
0.015896
0.015834
0.015852
0.016019
0.015879
0.015867
0.015920
0.015754
0.015903
0.015947
0.015989
0.015812
0.015818
0.015806
0.016004
0.016106
0.015977
0.015842
0.015888
0.015779
0.015773
0.015864
0.015870
0.015903
0.015927
0.015754
0.016021
0.015915
0.015888
0.015907
0.015829
0.015940
0.015884
0.015859
0.015919
0.015931
0.015999
0.015900
0.015948
0.016008
0.015889
0.015999
0.015948
0.015943
0.015921
0.015820
0.015869
0.015874
0.015866
0.015900
0.015961
0.016019
0.015867
0.015976
0.015985
0.015932
0.015980
0.015977
0.016008
0.015868
0.015874
0.016018
0.016027
0.016000
0.015844
0.015691
0.015238
0.015876
0.015966
0.015862
0.015882
0.015905
0.015894
0.015944
0.015810
0.016061
0.015784
0.015744
0.015955
0.015869
0.015900
0.015877
0.015927
0.015580
0.015847
0.015878
0.015969
0.015874
0.015878
0.015894
0.015997
0.015938
0.015964
0.015665
0.015849
0.015885
0.015855
0.015851
0.016004
0.015891
0.015851
0.015754
0.015910
0.015814
0.015874
0.015831
0.015996
0.015878
0.015885
0.015742
0.015764
0.015959
0.015868
0.015719
0.015927
0.015891
0.015893
0.015924
0.015695
0.015817
0.016063
0.015800
0.016011
0.015918
0.015921
0.015852
0.015886
0.015901
0.015928
0.015984
0.015819
0.015994
0.015875
0.016403
0.015556
0.015836
0.015908
0.015673
0.016017
0.015791
0.015901
0.015770
0.015971
0.015870
0.014957
0.015785
0.015938
0.015925
0.015880
0.015759
0.015899
0.015931
0.015951
0.015938
0.015897
0.015920
0.016000
0.015771
0.015884
0.016113
0.015846
0.015776
0.015971
0.015857
0.015904
0.015864
0.015916
0.015650
0.015811
0.015889
0.016008
0.015881
0.015947
0.015806
0.015984
0.015804
0.015913
0.015842
0.015926
0.015883
0.015981
0.015858
0.015896
0.015826
0.015933
0.015783
0.016031
0.015854
0.015805
0.015886
0.016343
0.015541
0.015899
0.015814
0.015960
0.015858
0.015894
0.015956
0.015937
0.015801
0.015776
0.015863
0.015966
0.015785
0.015942
0.015839
0.015828
0.015835
0.015819
0.015705
0.016044
0.015936
0.015983
0.016065
0.015965
0.014989
0.016013
0.015932
0.016029
0.016068
0.016032
0.015963
0.016107
0.015958
0.016047
0.016257
0.015704
0.015926
0.016455
0.015565
0.016046
0.016078
0.015933
0.015884
0.015971
0.016050
0.016057
0.016077
0.016002
0.016046
0.016148
0.015857
0.015995
0.016076
0.016550
0.015543
0.016033
0.015907
0.016425
0.015330
0.015864
0.016208
0.015913
0.016118
0.016169
0.016006
0.015957
0.015847
0.016056
0.015931
0.015864
0.015969
0.016037
0.016004
0.016101
0.015865
0.016026
0.016065
0.016050
0.015912
0.016030
0.016351
0.015607
0.016110
0.015868
0.015999
0.015981
0.016027
0.015936
0.015908
0.015970
0.016048
0.015708
0.015919
0.015971
0.015955
0.016013
0.016106
0.016578
0.015587
0.015968
0.016059
0.016402
0.015600
0.015976
0.016027
0.016054
0.015938
0.016185
0.015650
0.015988
0.016032
0.016070
0.016007
0.016056
0.015849
0.015910
0.016094
0.015962
0.016018
0.015921
0.015966
0.016105
0.015894
0.015890
0.015911
0.016019
0.015918
0.016036
0.016022
0.016019
0.016049
0.016033
0.015909
0.015779
0.015907
0.015905
0.015986
0.016096
0.015848
0.015823
0.015952
0.015901
0.015993
0.015973
0.016047
0.015935
0.015997
0.015926
0.015861
0.015991
0.015879
0.015998
0.016017
0.016031
0.015978
0.016057
0.016034
0.015885
0.015901
0.015877
0.015744
0.015751
0.015978
0.016008
0.015773
0.015962
0.016021
0.015881
0.015760
0.015821
0.015960
0.016086
0.016002
0.016000
0.015820
0.015879
0.015906
0.015910
0.016057
0.015846
0.015804
0.015923
0.015920
0.015944
0.015737
0.015968
0.016049
0.015992
0.015993
0.015938
0.016019
0.015893
0.015943
0.015847
0.015827
0.016008
0.015790
0.015920
0.015742
0.015975
0.015956
0.015930
0.016265
0.015585
0.016010
0.016076
0.015946
0.016004
0.016001
0.015943
0.015777
0.016010
0.015948
0.015923
0.015981
0.015937
0.015920
0.015884
0.015890
0.015937
0.015886
0.015821
0.016036
0.016038
0.015934
0.015946
0.015850
0.015905
0.015784
0.015992
0.015982
0.015950
0.015911
0.015997
0.015854
0.015995
0.015986
0.015965
0.015991
0.015973
0.015934
0.015888
0.015927
0.016055
0.015976
0.015987
0.015775
0.015925
0.016004
0.015943
0.015877
0.016025
0.015930
0.015839
0.015828
0.015941
0.016025
0.015757
0.015858
0.015982
0.015823
0.016078
0.016028
0.015793
0.015991
0.015955
0.015920
0.015938
0.016118
0.016027
0.015963
0.015895
0.015841
0.015844
0.015954
0.015991
0.015906
0.015926
0.015792
0.016288
0.015640
0.016161
0.015865
0.015940
0.015860
0.016034
0.015945
0.015811
0.016006
0.015881
0.016000
0.015933
0.015970
0.015935
0.015895
0.015955
0.015859
0.015841
0.015883
0.015941
0.015889
0.015917
0.015880
0.015948
0.015906
0.015825
0.016026
0.015974
0.015911
0.015829
0.016009
0.015975
0.015849
0.015903
0.015901
0.016080
0.016423
0.015446
0.015621
0.015946
0.015900
0.015906
0.015927
0.015966
0.015968
0.015908
0.015930
0.016067
0.015908
0.015885
0.015979
0.015921
0.015907
0.016013
0.015960
0.015981
0.015850
0.015909
0.015939
0.015939
0.015997
0.015878
0.015952
0.016035
0.015990
0.015705
0.016127
0.015927
0.015848
0.015997
0.015966
0.015894
0.015952
0.016018
0.015789
0.015966
0.015903
0.016065
0.015848
0.015916
0.015941
0.015868
0.016007
0.016020
0.015925
0.015924
0.015942
0.015969
0.015936
0.015933
0.015919
0.015978
0.015859
0.016037
0.015913
0.016015
0.016051
0.015974
0.016049
0.015956
0.015880
0.015992
0.016009
0.015879
0.015916
0.015439
0.016403
0.015458
0.015967
0.016118
0.015786
0.016011
0.015806
0.015960
0.015378
0.015884
0.015917
0.015948
0.015890
0.015879
0.015878
0.016037
0.015998
0.015870
0.015947
0.015964
0.016016
0.015854
0.015971
0.015907
0.016012
0.015931
0.015842
0.016013
0.015989
0.015903
0.015992
0.015889
0.015917
0.015956
0.015862
0.016079
0.015896
0.015959
0.015965
0.016036
0.015641
0.015868
0.015966
0.015931
0.015936
0.016009
0.015600
0.015862
0.016093
0.015989
0.015865
0.015913
0.015908
0.015732
0.016057
0.015995
0.015854
0.015852
0.015964
0.015882
0.015852
0.015963
0.015902
0.016093
0.015756
0.016047
0.015932
0.016008
0.015795
0.016032
0.015862
0.015937
0.015993
0.015980
0.016026
0.016012
0.015752
0.015855
0.015851
0.015820
0.016099
0.015882
0.016020
0.015892
0.015763
0.016003
0.015815
0.015892
0.015984
0.016041
0.015994
0.016076
0.015943
0.016113
0.016042
0.016066
0.016047
0.016047
0.016009
0.015927
0.016182
0.016074
0.015922
0.016042
0.015997
0.015995
0.016022
0.015948
0.015961
0.015946
0.016031
0.016065
0.015973
0.016086
0.015921
0.015949
0.016029
0.016025
0.015996
0.016028
0.015972
0.016016
0.015988
0.016068
0.015915
0.016051
0.016028
0.015953
0.016000
0.016007
0.015983
0.015934
0.016178
0.016064
0.016089
0.016039
0.016092
0.015949
0.016089
0.015999
0.016032
0.015914
0.016013
0.015936
0.015983
0.015998
0.016059
0.016039
0.015930
0.015893
0.015974
0.016145
0.016013
0.015925
0.015960
0.015959
0.015979
0.015913
0.016066
0.015947
0.015938
0.016036
0.015995
0.015906
0.016104
0.016068
0.016096
0.015956
0.015643
0.015905
0.016035
0.016088
0.015918
0.016315
0.015574
0.015934
0.016013
0.015884
0.015981
0.016055
0.015988
0.015991
0.015985
0.015910
0.016043
0.015873
0.015653
0.015978
0.016012
0.015956
0.016020
0.015902
0.015997
0.015927
0.016010
0.016092
0.015948
0.016005
0.015800
0.015943
0.016025
0.015959
0.016057
0.015860
0.015925
0.015854
0.016050
0.015975
0.015879
0.015902
0.016083
0.015955
0.015905
0.016119
0.015964
0.015980
0.015928
0.015978
0.015967
0.016123
0.016026
0.016094
0.016031
0.016066
0.016013
0.016777
0.015180
0.015966
0.015919
0.016009
0.016046
0.015969
0.015934
0.015925
0.015577
0.015958
0.016010
0.016003
0.016591
0.015356
0.015859
0.015904
0.015938
0.015925
0.015891
0.015907
0.015809
0.015888
0.015896
0.015899
0.016353
0.015340
0.015922
0.016334
0.015568
0.015922
0.016023
0.015953
0.016036
0.015880
0.015997
0.015987
0.015937
0.015886
0.015852
0.016325
0.015509
0.015106
0.015513
0.016016
0.016058
0.016014
0.016137
0.016042
0.015927
0.015425
0.015792
0.015871
0.015743
0.014460
0.015907
0.015941
0.015802
0.015730
0.015814
0.015893
0.015971
0.015870
0.015856
0.015877
0.015894
0.015811
0.015956
0.015961
0.015974
0.015933
0.016077
0.015841
0.015946
0.015978
0.016106
0.015547
0.015322
0.015463
0.015827
0.015239
0.015430
0.015308
0.015194
0.015572
0.015933
0.015812
0.015719
0.015881
0.015783
0.015849
0.015948
0.015920
0.015888
0.015920
0.015903
0.015940
0.015994
0.015892
0.015946
0.015926
0.015971
0.015910
0.016078
0.016071
0.015895
0.015822
0.015715
0.015854
0.015226
0.015172
0.014770
0.015400
0.015175
0.015279
0.015882
0.015750
0.015120
0.015024
0.014996
0.015431
0.015192
0.015542
0.015434
