row
255.000000
199.711945
224.332397
225.767105
225.817322
225.818466
225.818481
225.818481
225.818481
225.818481
225.818481
225.818481
225.818481
225.818481
225.818481
225.818481
225.818481
225.818481
225.818481
225.818481
225.818481
225.818481
225.818481
225.818481
225.818481
225.818481
225.818481
225.818481
225.818481
225.818481
225.818481
225.818481
225.818481
225.818481
225.818481
225.818481
225.818481
225.818481
225.818481
225.818481
225.818481
225.818481
225.818481
225.818481
225.818481
225.818481
225.818481
225.818481
225.818481
225.818481
225.818481
225.818481
225.818481
225.818481
225.818481
225.818497
225.819427
225.842010
226.068161
225.825272
225.825241
226.067154
225.790649
224.333344
199.711960
199.711945
224.332397
225.767105
225.817322
225.818466
225.818481
225.818481
225.818481
225.818481
225.818481
225.818481
225.818481
225.818481
225.818481
225.818481
225.818481
225.818481
225.818481
225.818481
225.818481
225.818481
225.818481
225.818481
225.818481
225.818481
225.818481
225.818481
225.818481
225.818481
225.818481
225.818481
225.818481
225.818481
225.818481
225.818481
225.818481
225.818481
225.818481
225.818481
225.818481
225.818481
225.818481
225.818481
225.818481
225.818481
225.818481
225.818481
225.818481
225.818481
225.818481
225.818481
225.818481
225.818481
225.818481
225.818512
225.820221
225.861343
226.274048
225.836243
225.836197
226.272873
225.809967
224.334137
199.711975
199.711945
224.332397
225.767105
225.817322
225.818466
225.818481
225.818481
225.818481
225.818481
225.818481
225.818481
225.818481
225.818481
225.818481
225.818481
225.818481
225.818481
225.818481
225.818481
225.818481
225.818481
225.818481
225.818481
225.818481
225.818481
225.818481
225.818481
225.818481
225.818481
225.818481
225.818481
225.818481
225.818481
225.818481
225.818481
225.818481
225.818481
225.818481
225.818481
225.818481
225.818481
225.818481
225.818481
225.818481
225.818481
225.818481
225.818481
225.818481
225.818481
225.818481
225.818481
225.818481
225.818481
225.818481
225.818481
225.818634
225.822556
225.862183
225.831680
225.831665
225.861328
225.771210
224.332581
199.711945
199.711945
224.332397
225.767105
225.817322
225.818466
225.818481
225.818481
225.818481
225.818481
225.818481
225.818481
225.818481
225.818481
225.818481
225.818481
225.818481
225.818481
225.818481
225.818481
225.818481
225.818481
225.818481
225.818481
225.818481
225.818481
225.818481
225.818481
225.818481
225.818481
225.818481
225.818481
225.818481
225.818481
225.818481
225.818481
225.818481
225.818481
225.818481
225.818481
225.818481
225.818481
225.818481
225.818481
225.818481
225.818481
225.818481
225.818481
225.818481
225.818481
225.818481
225.818481
225.818481
225.818481
225.818481
225.818481
225.818497
225.818970
225.823425
225.818741
225.818726
225.822281
225.767593
224.332428
199.711945
199.711945
224.332397
225.767105
225.817322
225.818466
225.818481
225.818481
225.818481
225.818481
225.818481
225.818481
225.818481
225.818481
225.818481
225.818481
225.818481
225.818481
225.818481
225.818481
225.818481
225.818481
225.818481
225.818481
225.818481
225.818481
225.818481
225.818481
225.818481
225.818481
225.818481
225.818481
225.818481
225.818481
225.818481
225.818481
225.818481
225.818481
225.818481
225.818481
225.818481
225.818481
225.818481
225.818481
225.818481
225.818481
225.818481
225.818481
225.818481
225.818481
225.818481
225.818481
225.818481
225.818481
225.818512
225.820679
225.907532
228.024216
255.136063
372.450745
243.417969
226.764450
225.796951
224.333023
199.711975
199.757523
224.356995
225.790833
225.841019
225.842148
225.842163
225.842163
225.842163
225.842163
225.842163
225.842163
225.842163
225.842163
225.842163
225.842163
225.842163
225.842163
225.842163
225.842163
225.842163
225.842163
225.842163
225.842163
225.842163
225.842163
225.842163
225.842163
225.842163
225.842163
225.842163
225.842163
225.842163
225.842163
225.842163
225.842163
225.842163
225.842163
225.842163
225.842163
225.842163
225.842163
225.842163
225.842163
225.842163
225.842163
225.842163
225.842163
225.842163
225.842163
225.842163
225.842163
225.842163
225.842163
225.842163
225.842178
225.842987
225.861252
226.052338
226.204010
225.876892
225.925751
225.869812
224.370346
199.759323
199.749741
224.355209
225.788086
225.838196
225.839355
225.839386
225.839386
225.839386
225.839386
225.839386
225.839386
225.839386
225.839386
225.839386
225.839386
225.839386
225.839386
225.839386
225.839386
225.839386
225.839386
225.839386
225.839386
225.839386
225.839386
225.839386
225.839386
225.839386
225.839386
225.839386
225.839386
225.839386
225.839386
225.839386
225.839386
225.839386
225.839386
225.839386
225.839386
225.839386
225.839386
225.839386
225.839386
225.839386
225.839386
225.839386
225.839386
225.839386
225.839386
225.839386
225.839386
225.839386
225.839386
225.839386
225.839661
225.849457
226.053375
227.829758
225.928589
225.822723
225.836548
225.788040
224.355209
199.749786
199.755798
224.356644
225.790237
225.840424
225.841568
225.841583
225.841583
225.841583
225.841583
225.841583
225.841583
225.841583
225.841583
225.841583
225.841583
225.841583
225.841583
225.841583
225.841583
225.841583
225.841583
225.841583
225.841583
225.841583
225.841583
225.841583
225.841583
225.841583
225.841583
225.841583
225.841583
225.841583
225.841583
225.841583
225.841583
225.841583
225.841583
225.841583
225.841583
225.841583
225.841583
225.841583
225.841583
225.841583
225.841583
225.841583
225.841583
225.841583
225.841583
225.841583
225.841583
225.841583
225.841583
225.841583
225.841599
225.842499
225.861877
226.038910
225.839081
225.832214
225.878799
225.828110
224.362015
199.756363
255.000000



column:
0.000000
0.010088
0.009273
0.002016
0.008242
0.002013
0.009219
0.010144
0.010144
0.009219
0.002011
0.008191
0.001122
0.003871
0.060965
0.440235
0.053914
0.012008
0.010233
0.010199
0.010199
0.010217
0.011432
0.063433
1.385321
20.190874
20.731833
19.831444
1.725931
0.074523
0.011293
0.009218
0.002010
0.008189
0.001034
0.001085
0.009166
0.010092
0.009219
0.002063
0.009168
0.009166
0.002011
0.008242
0.002013
0.009219
0.010146
0.010197
0.010199
0.010199
0.010197
0.010146
0.009219
0.002013
0.008242
0.002013
0.009219
0.010146
0.010197
0.010200
0.010277
0.012712
0.056969
0.399597
0.064859
0.017245
0.003043
0.008298
0.002014
0.009219
0.010146
0.010197
0.010197
0.010144
0.009168
0.001085
0.001034
0.008189
0.002011
0.009219
0.010146
0.010195
0.010146
0.009219
0.002013
0.008263
0.003309
0.056463
0.956868
12.052491
12.341558
12.051368
0.963650
0.054460
0.003262
0.009187
0.009168
0.002064
0.009220
0.010146
0.010197
0.010198
0.010197
0.010144
0.009166
0.001034
0.000109
0.001033
0.009113
0.009166
0.002062
0.009166
0.009113
0.001033
0.000109
0.001034
0.009166
0.010143
0.010144
0.009220
0.002064
0.009175
0.009548
0.014160
0.234230
1.880826
0.235263
0.023325
0.018603
0.018886
0.039421
0.322434
2.794558
0.310668
0.055719
0.955051
17.587034
146.205826
17.587021
0.954552
0.039836
0.010797
0.010207
0.010199
0.010197
0.010144
0.009166
0.001034
0.000109
0.001040
0.009585
0.028584
0.534487
8.051644
8.557497
8.575582
8.578763
8.639772
9.199142
9.033710
8.626381
8.578556
8.575882
8.574691
8.573398
8.567568
8.573915
8.566771
8.566821
8.574907
8.576112
8.583427
8.719337
9.869774
10.330860
10.730117
10.385461
10.348588
10.347087
10.347054
10.346645
10.328857
9.836312
2.746973
1.818768
1.772451
1.771148
1.771126
1.771125
1.771116
1.770723
1.759470
1.566368
1.581871
1.783673
2.107906
4.041059
2.052680
1.795902
1.781728
1.780320
1.772523
1.774212
1.771546
1.772204
1.781829
1.819969
2.171281
1.887676
3.218285
26.260900
201.406540
225.550964
225.824890
225.828049
225.856354
226.688904
234.379227
237.570999
237.694122
237.696869
237.715393
237.858505
237.715332
237.695847
237.686737
237.686707
237.694733
237.695099
237.689728
237.687012
237.693787
237.686646
237.686813
237.699432
237.792313
238.565094
237.800400
237.700455
237.687851
237.694824
237.695709
237.694809
237.686707
237.686493
237.682495
237.171036
226.976883
225.861389
225.819397
225.818497
225.818481
225.818466
225.817322
225.767105
224.332413
199.711945
199.711945
224.332428
225.768494
225.861725
226.670853
233.448822
234.256790
234.299820
234.301163
234.301208
234.301208
234.301208
234.301208
234.301208
234.301208
234.301208
234.301208
234.301208
234.301208
234.301208
234.301208
234.301208
234.301208
234.301208
234.301208
234.301208
234.301208
234.301208
234.301208
234.301239
234.302032
234.317459
234.447311
234.462708
234.463516
234.463531
234.463531
234.463531
234.463531
234.463531
234.463531
234.463531
234.463531
234.463531
234.463531
234.463531
234.463531
234.463516
234.462128
234.417328
233.568222
226.369934
225.837082
225.821198
225.859390
225.863892
225.863022
225.814346
224.439545
201.386993
26.293964
3.241060
1.857421
1.653785
1.643510
1.805539
1.816222
1.904822
3.566211
17.526424
19.184547
19.272552
19.275280
19.275337
19.275337
19.275337
19.275337
19.275337
19.275337
19.275337
19.275337
19.275328
19.274942
19.264074
19.081842
17.697706
17.515472
17.504606
17.504221
17.504211
17.504211
17.504211
17.504211
17.504211
17.504211
17.504211
17.504211
17.504211
17.504211
17.504211
17.504211
17.504211
17.504211
17.504211
17.504211
17.504211
17.504211
17.504211
17.504211
17.504211
17.504211
17.504158
17.501375
17.411028
15.688426
0.865450
0.028904
0.003602
0.039469
0.043770
0.043998
0.044005
0.044006
0.044006
0.044008
0.044119
0.047063
0.081668
0.180229
0.097655
0.096859
0.186327
1.879050
16.170473
17.863197
17.952782
17.955551
17.955606
17.955606
17.955606
17.955606
17.955606
17.955606
17.955606
17.955606
17.955606
17.955606
17.955606
17.955606
17.955606
17.955606
17.955606
17.955606
17.955606
17.955606
17.955606
17.955606
17.955606
17.955606
17.955606
17.955606
17.955606
17.955606
17.955606
17.955606
17.955606
17.955606
17.955606
17.955606
17.955606
17.955606
17.955606
17.955606
17.955606
17.955606
17.955551
17.952719
17.860308
16.088953
0.683116
0.051453
0.860145
12.859720
14.267467
14.341710
14.344004
14.344049
14.344060
14.344750
14.376274
15.231112
26.849508
0.042245
0.023937
0.024847
0.096824
1.449832
12.808680
14.161687
14.233702
14.235939
14.235984
14.235985
14.235985
14.235985
14.235985
14.235985
14.235985
14.235985
14.235985
14.235985
14.235985
14.235985
14.235985
14.235985
14.235985
14.235985
14.235985
14.235985
14.235985
14.235985
14.235985
14.235985
14.235985
14.235985
14.235985
14.235985
14.235985
14.235985
14.235985
14.235985
14.235985
14.235985
14.235985
14.235985
14.235985
14.235985
14.235985
14.235984
14.235939
14.233659
14.159860
12.760342
0.868677
0.028436
0.004523
0.083439
0.092638
0.093119
0.093134
0.093134
0.093133
0.093032
0.088873
0.000000
0.000000
0.000000
