32    0.000626
32    0.000628
32    0.000629
32    0.000627
32    0.000627
32    0.000625
32    0.000626
32    0.000626
32    0.000633
32    0.000626
32    0.000626
32    0.000648
32    0.000626
32    0.000629
32    0.000626
32    0.000632
32    0.000651
32    0.000626
32    0.000632
32    0.000626
32    0.000645
32    0.000628
32    0.000627
32    0.000626
32    0.000631
32    0.000626
32    0.000625
32    0.000625
32    0.000626
32    0.000625
32    0.000627
32    0.000628
32    0.000626
32    0.000630
32    0.000626
32    0.000624
32    0.000625
32    0.000625
32    0.000625
32    0.000625
32    0.000625
32    0.000637
32    0.000625
32    0.000626
32    0.000626
32    0.000632
32    0.000626
32    0.000627
32    0.000625
32    0.000625
32    0.000625
32    0.000634
32    0.000631
32    0.000626
32    0.000630
32    0.000628
32    0.000626
32    0.000626
32    0.000626
32    0.000626
32    0.000627
32    0.000627
32    0.000626
32    0.000628
32    0.000635
32    0.000624
32    0.000625
32    0.000631
32    0.000626
32    0.000626
32    0.000626
32    0.000625
32    0.000633
32    0.000626
32    0.000633
32    0.000631
32    0.000630
32    0.000625
32    0.000626
32    0.000630
32    0.000633
32    0.000626
32    0.000625
32    0.000626
32    0.000625
32    0.000626
32    0.000633
32    0.000634
32    0.000625
32    0.000630
32    0.000631
32    0.000632
32    0.000629
32    0.000629
32    0.000630
32    0.000626
32    0.000629
32    0.000626
32    0.000628
32    0.000625
