8    0.000297
8    0.000296
8    0.000296
8    0.000337
8    0.000311
8    0.000362
8    0.000296
8    0.000363
8    0.000357
8    0.000312
8    0.000311
8    0.000300
8    0.000350
8    0.000311
8    0.000352
8    0.000315
8    0.000363
8    0.000296
8    0.000296
8    0.000304
8    0.000362
8    0.000296
8    0.000296
8    0.000296
8    0.000296
8    0.000296
8    0.000296
8    0.000296
8    0.000298
8    0.000297
8    0.000297
8    0.000298
8    0.000297
8    0.000297
8    0.000296
8    0.000296
8    0.000296
8    0.000296
8    0.000296
8    0.000296
8    0.000297
8    0.000296
8    0.000296
8    0.000297
8    0.000296
8    0.000297
8    0.000297
8    0.000296
8    0.000296
8    0.000296
8    0.000297
8    0.000296
8    0.000299
8    0.000297
8    0.000296
8    0.000296
8    0.000319
8    0.000307
8    0.000309
8    0.000296
8    0.000314
8    0.000299
8    0.000311
8    0.000296
8    0.000296
8    0.000298
8    0.000318
8    0.000308
8    0.000315
8    0.000299
8    0.000298
8    0.000297
8    0.000300
8    0.000298
8    0.000298
8    0.000298
8    0.000296
8    0.000296
8    0.000297
8    0.000298
8    0.000298
8    0.000297
8    0.000297
8    0.000296
8    0.000296
8    0.000297
8    0.000297
8    0.000296
8    0.000296
8    0.000297
8    0.000299
8    0.000297
8    0.000297
8    0.000297
8    0.000319
8    0.000297
8    0.000296
8    0.000296
8    0.000297
8    0.000296
