2    0.000086
2    0.000085
2    0.000082
2    0.000082
2    0.000083
2    0.000083
2    0.000083
2    0.000083
2    0.000083
2    0.000083
2    0.000082
2    0.000083
2    0.000083
2    0.000083
2    0.000082
2    0.000083
2    0.000089
2    0.000082
2    0.000082
2    0.000085
2    0.000083
2    0.000082
2    0.000082
2    0.000092
2    0.000082
2    0.000083
2    0.000083
2    0.000082
2    0.000083
2    0.000083
2    0.000083
2    0.000084
2    0.000083
2    0.000082
2    0.000082
2    0.000083
2    0.000083
2    0.000090
2    0.000083
2    0.000083
2    0.000084
2    0.000087
2    0.000083
2    0.000083
2    0.000082
2    0.000082
2    0.000083
2    0.000082
2    0.000082
2    0.000083
2    0.000085
2    0.000083
2    0.000083
2    0.000082
2    0.000083
2    0.000082
2    0.000083
2    0.000082
2    0.000082
2    0.000082
2    0.000083
2    0.000082
2    0.000083
2    0.000082
2    0.000083
2    0.000083
2    0.000083
2    0.000083
2    0.000083
2    0.000085
2    0.000083
2    0.000083
2    0.000082
2    0.000082
2    0.000083
2    0.000083
2    0.000083
2    0.000083
2    0.000082
2    0.000082
2    0.000083
2    0.000083
2    0.000082
2    0.000083
2    0.000083
2    0.000082
2    0.000083
2    0.000082
2    0.000082
2    0.000082
2    0.000082
2    0.000082
2    0.000082
2    0.000082
2    0.000082
2    0.000082
2    0.000082
2    0.000083
2    0.000082
2    0.000083
2    0.000145
2    0.000145
2    0.000145
2    0.000145
2    0.000145
2    0.000145
2    0.000145
2    0.000145
2    0.000145
2    0.000145
2    0.000145
2    0.000145
2    0.000145
2    0.000145
2    0.000145
2    0.000145
2    0.000145
2    0.000151
2    0.000146
2    0.000145
2    0.000145
2    0.000145
2    0.000145
2    0.000145
2    0.000145
2    0.000146
2    0.000152
2    0.000152
2    0.000145
2    0.000146
2    0.000146
2    0.000145
2    0.000146
2    0.000145
2    0.000146
2    0.000147
2    0.000145
2    0.000150
2    0.000145
2    0.000145
2    0.000146
2    0.000146
2    0.000149
2    0.000145
2    0.000146
2    0.000145
2    0.000146
2    0.000146
2    0.000145
2    0.000148
2    0.000145
2    0.000145
2    0.000145
2    0.000145
2    0.000145
2    0.000147
2    0.000145
2    0.000146
2    0.000146
2    0.000145
2    0.000145
2    0.000145
2    0.000145
2    0.000145
2    0.000146
2    0.000145
2    0.000145
2    0.000145
2    0.000145
2    0.000145
2    0.000145
2    0.000148
2    0.000147
2    0.000146
2    0.000146
2    0.000145
2    0.000145
2    0.000146
2    0.000145
2    0.000145
2    0.000145
2    0.000145
2    0.000146
2    0.000146
2    0.000145
2    0.000145
2    0.000146
2    0.000146
2    0.000145
2    0.000145
2    0.000145
2    0.000145
2    0.000145
2    0.000145
2    0.000145
2    0.000145
2    0.000146
2    0.000145
2    0.000145
2    0.000145
