1    0.000090
1    0.000088
1    0.000089
1    0.000089
1    0.000088
1    0.000088
1    0.000091
1    0.000089
1    0.000092
1    0.000088
1    0.000090
1    0.000088
1    0.000088
1    0.000088
1    0.000089
1    0.000088
1    0.000088
1    0.000088
1    0.000088
1    0.000088
1    0.000088
1    0.000088
1    0.000089
1    0.000088
1    0.000088
1    0.000088
1    0.000089
1    0.000088
1    0.000089
1    0.000088
1    0.000111
1    0.000089
1    0.000088
1    0.000088
1    0.000088
1    0.000089
1    0.000088
1    0.000089
1    0.000088
1    0.000088
1    0.000088
1    0.000088
1    0.000089
1    0.000097
1    0.000085
1    0.000087
1    0.000087
1    0.000085
1    0.000085
1    0.000086
1    0.000086
1    0.000085
1    0.000085
1    0.000086
1    0.000085
1    0.000085
1    0.000091
1    0.000088
1    0.000088
1    0.000093
1    0.000088
1    0.000088
1    0.000088
1    0.000088
1    0.000101
1    0.000085
1    0.000085
1    0.000085
1    0.000085
1    0.000087
1    0.000085
1    0.000088
1    0.000085
1    0.000102
1    0.000083
1    0.000083
1    0.000082
1    0.000085
1    0.000084
1    0.000082
1    0.000082
1    0.000082
1    0.000083
1    0.000082
1    0.000082
1    0.000082
1    0.000083
1    0.000082
1    0.000083
1    0.000082
1    0.000083
1    0.000083
1    0.000083
1    0.000086
1    0.000083
1    0.000083
1    0.000082
1    0.000084
1    0.000082
1    0.000082
