4    0.000173
4    0.000174
4    0.000172
4    0.000172
4    0.000172
4    0.000173
4    0.000172
4    0.000173
4    0.000172
4    0.000172
4    0.000172
4    0.000172
4    0.000172
4    0.000174
4    0.000173
4    0.000172
4    0.000172
4    0.000172
4    0.000172
4    0.000172
4    0.000172
4    0.000172
4    0.000172
4    0.000172
4    0.000172
4    0.000172
4    0.000172
4    0.000173
4    0.000172
4    0.000172
4    0.000172
4    0.000173
4    0.000172
4    0.000172
4    0.000172
4    0.000173
4    0.000173
4    0.000172
4    0.000172
4    0.000210
4    0.000173
4    0.000173
4    0.000174
4    0.000173
4    0.000173
4    0.000173
4    0.000173
4    0.000172
4    0.000232
4    0.000188
4    0.000218
4    0.000189
4    0.000172
4    0.000172
4    0.000173
4    0.000172
4    0.000174
4    0.000172
4    0.000173
4    0.000175
4    0.000172
4    0.000172
4    0.000172
4    0.000172
4    0.000172
4    0.000172
4    0.000172
4    0.000172
4    0.000174
4    0.000173
4    0.000203
4    0.000188
4    0.000204
4    0.000186
4    0.000212
4    0.000172
4    0.000172
4    0.000172
4    0.000172
4    0.000173
4    0.000178
4    0.000239
4    0.000202
4    0.000208
4    0.000216
4    0.000203
4    0.000189
4    0.000233
4    0.000175
4    0.000175
4    0.000174
4    0.000173
4    0.000193
4    0.000172
4    0.000172
4    0.000173
4    0.000194
4    0.000173
4    0.000172
4    0.000172
