16    0.000335
16    0.000315
16    0.000315
16    0.000313
16    0.000318
16    0.000312
16    0.000313
16    0.000311
16    0.000316
16    0.000310
16    0.000311
16    0.000316
16    0.000314
16    0.000310
16    0.000333
16    0.000319
16    0.000313
16    0.000311
16    0.000310
16    0.000310
16    0.000330
16    0.000310
16    0.000310
16    0.000310
16    0.000311
16    0.000310
16    0.000310
16    0.000310
16    0.000310
16    0.000310
16    0.000310
16    0.000310
16    0.000311
16    0.000311
16    0.000310
16    0.000310
16    0.000311
16    0.000310
16    0.000310
16    0.000310
16    0.000310
16    0.000310
16    0.000310
16    0.000310
16    0.000310
16    0.000310
16    0.000310
16    0.000310
16    0.000310
16    0.000310
16    0.000310
16    0.000312
16    0.000311
16    0.000310
16    0.000310
16    0.000310
16    0.000310
16    0.000310
16    0.000310
16    0.000310
16    0.000310
16    0.000310
16    0.000310
16    0.000310
16    0.000310
16    0.000310
16    0.000312
16    0.000310
16    0.000310
16    0.000310
16    0.000310
16    0.000310
16    0.000311
16    0.000310
16    0.000311
16    0.000310
16    0.000310
16    0.000310
16    0.000316
16    0.000311
16    0.000313
16    0.000311
16    0.000317
16    0.000311
16    0.000315
16    0.000312
16    0.000310
16    0.000316
16    0.000310
16    0.000313
16    0.000316
16    0.000313
16    0.000312
16    0.000310
16    0.000310
16    0.000310
16    0.000310
16    0.000310
16    0.000310
16    0.000310
16    0.000310
16    0.000309
16    0.000309
16    0.000311
16    0.000309
16    0.000313
16    0.000323
16    0.000314
16    0.000310
16    0.000309
16    0.000309
16    0.000310
16    0.000312
16    0.000309
16    0.000309
16    0.000309
16    0.000322
16    0.000312
16    0.000310
16    0.000309
16    0.000310
16    0.000317
16    0.000314
16    0.000309
16    0.000313
16    0.000309
16    0.000309
16    0.000309
16    0.000313
16    0.000309
16    0.000310
16    0.000309
16    0.000309
16    0.000309
16    0.000309
16    0.000309
16    0.000309
16    0.000309
16    0.000308
16    0.000309
16    0.000309
16    0.000331
16    0.000309
16    0.000311
16    0.000314
16    0.000313
16    0.000312
16    0.000309
16    0.000309
16    0.000313
16    0.000310
16    0.000309
16    0.000309
16    0.000309
16    0.000309
16    0.000311
16    0.000313
16    0.000309
16    0.000309
16    0.000318
16    0.000309
16    0.000310
16    0.000309
16    0.000310
16    0.000309
16    0.000309
16    0.000310
16    0.000316
16    0.000309
16    0.000309
16    0.000309
16    0.000309
16    0.000309
16    0.000309
16    0.000309
16    0.000309
16    0.000309
16    0.000309
16    0.000308
16    0.000309
16    0.000308
16    0.000309
16    0.000309
16    0.000309
16    0.000309
16    0.000309
16    0.000309
16    0.000310
16    0.000309
16    0.000309
16    0.000310
16    0.000309
16    0.000309
16    0.000309
16    0.000309
16    0.000309
16    0.000309
16    0.000309
16    0.000309
16    0.000309
