0.000000 0.000000 0.000000
0.000434 10.000000 4.998827
0.000868 10.000000 7.355891
0.001302 10.000000 10.000000
0.001736 10.000000 10.000000
0.002170 10.000000 10.000000
0.002604 10.000000 10.000000
0.003038 10.000000 10.000000
0.003472 10.000000 10.000000
0.003906 10.000000 10.000000
0.004340 10.000000 10.000000
0.004774 10.000000 10.000000
0.005208 10.000000 10.000000
0.005642 10.000000 10.000000
0.006076 10.000000 10.000000
0.006510 10.000000 10.000000
0.006944 10.000000 10.000000
0.007378 10.000000 10.000000
0.007812 10.000000 10.000000
0.008247 10.000000 10.000000
0.008681 10.000000 10.000000
0.009115 10.000000 10.000000
0.009549 10.000000 10.000000
0.009983 10.000000 10.000000
0.010417 10.000000 10.000000
0.010851 10.000000 10.000000
0.011285 10.000000 10.000000
0.011719 10.000000 10.000000
0.012153 10.000000 10.000000
0.012587 10.000000 10.000000
0.013021 10.000000 10.000000
0.013455 10.000000 10.000000
0.013889 10.000000 10.000000
0.014323 10.000000 10.000000
0.014757 10.000000 10.000000
0.015191 10.000000 10.000000
0.015625 10.000000 10.000000
0.016059 10.000000 10.000000
0.016493 10.000000 10.000000
0.016927 10.000000 10.000000
0.017361 10.000000 10.000000
0.017795 10.000000 10.000000
0.018229 10.000000 10.000000
0.018663 10.000000 10.000000
0.019097 10.000000 10.000000
0.019531 10.000000 10.000000
0.019965 10.000000 10.000000
0.020399 10.000000 10.000000
0.020833 10.000000 10.000000
0.021267 10.000000 10.000000
0.021701 10.000000 10.000000
0.022135 10.000000 10.000000
0.022569 10.000000 10.000000
0.023003 10.000000 10.000000
0.023438 10.000000 10.000000
0.023872 10.000000 10.000000
0.024306 10.000000 10.000000
0.024740 10.000000 10.000000
0.025174 10.000000 10.000000
0.025608 10.000000 10.000000
0.026042 10.000000 10.000000
0.026476 10.000000 10.000000
0.026910 10.000000 10.000000
0.027344 10.000000 10.000000
0.027778 10.000000 10.000000
0.028212 10.000000 10.000000
0.028646 10.000000 10.000000
0.029080 10.000000 10.000000
0.029514 10.000000 10.000000
0.029948 10.000000 10.000000
0.030382 10.000000 10.000000
0.030816 10.000000 10.000000
0.031250 10.000000 10.000000
0.031684 10.000000 10.000000
0.032118 10.000000 10.000000
0.032552 10.000000 10.000000
0.032986 10.000000 10.000000
0.033420 10.000000 10.000000
0.033854 10.000000 10.000000
0.034288 10.000000 10.000000
0.034722 10.000000 10.000000
0.035156 10.000000 10.000000
0.035590 10.000000 10.000000
0.036024 10.000000 10.000000
0.036458 10.000000 10.000000
0.036892 10.000000 10.000000
0.037326 10.000000 10.000000
0.037760 10.000000 10.000000
0.038194 10.000000 10.000000
0.038628 10.000000 10.000000
0.039062 10.000000 10.000000
0.039497 10.000000 10.000000
0.039931 10.000000 10.000000
0.040365 10.000000 10.000000
0.040799 10.000000 10.000000
0.041233 10.000000 10.000000
0.041667 10.000000 10.000000
0.042101 10.000000 10.000000
0.042535 10.000000 10.000000
0.042969 10.000000 10.000000
0.043403 10.000000 10.000000
0.043837 10.000000 10.000000
0.044271 10.000000 10.000000
0.044705 10.000000 10.000000
0.045139 10.000000 10.000000
0.045573 10.000000 10.000000
0.046007 10.000000 10.000000
0.046441 10.000000 10.000000
0.046875 10.000000 10.000000
0.047309 10.000000 10.000000
0.047743 10.000000 10.000000
0.048177 10.000000 10.000000
0.048611 10.000000 10.000000
0.049045 10.000000 10.000000
0.049479 10.000000 10.000000
0.049913 10.000000 10.000000
0.050347 10.000000 10.000000
0.050781 10.000000 10.000000
0.051215 10.000000 10.000000
0.051649 10.000000 10.000000
0.052083 10.000000 10.000000
0.052517 10.000000 10.000000
0.052951 10.000000 10.000000
0.053385 10.000000 10.000000
0.053819 10.000000 10.000000
0.054253 10.000000 10.000000
0.054688 10.000000 10.000000
0.055122 10.000000 10.000000
0.055556 10.000000 10.000000
0.055990 10.000000 10.000000
0.056424 10.000000 10.000000
0.056858 10.000000 10.000000
0.057292 10.000000 10.000000
0.057726 10.000000 10.000000
0.058160 10.000000 10.000000
0.058594 10.000000 10.000000
0.059028 10.000000 10.000000
0.059462 10.000000 10.000000
0.059896 10.000000 10.000000
0.060330 10.000000 10.000000
0.060764 10.000000 10.000000
0.061198 10.000000 10.000000
0.061632 10.000000 10.000000
0.062066 10.000000 10.000000
0.062500 10.000000 10.000000
0.062934 10.000000 10.000000
0.063368 10.000000 10.000000
0.063802 10.000000 10.000000
0.064236 10.000000 10.000000
0.064670 10.000000 10.000000
0.065104 10.000000 10.000000
0.065538 10.000000 10.000000
0.065972 10.000000 10.000000
0.066406 10.000000 10.000000
0.066840 10.000000 10.000000
0.067274 10.000000 10.000000
0.067708 10.000000 10.000000
0.068142 10.000000 10.000000
0.068576 10.000000 10.000000
0.069010 10.000000 10.000000
0.069444 10.000000 10.000000
0.069878 10.000000 10.000000
0.070312 10.000000 10.000000
0.070747 10.000000 10.000000
0.071181 10.000000 10.000000
0.071615 10.000000 10.000000
0.072049 10.000000 10.000000
0.072483 10.000000 10.000000
0.072917 10.000000 10.000000
0.073351 10.000000 10.000000
0.073785 10.000000 10.000000
0.074219 10.000000 10.000000
0.074653 10.000000 10.000000
0.075087 10.000000 10.000000
0.075521 10.000000 10.000000
0.075955 10.000000 10.000000
0.076389 10.000000 10.000000
0.076823 10.000000 10.000000
0.077257 10.000000 10.000000
0.077691 10.000000 10.000000
0.078125 10.000000 10.000000
0.078559 10.000000 10.000000
0.078993 10.000000 10.000000
0.079427 10.000000 10.000000
0.079861 10.000000 10.000000
0.080295 10.000000 10.000000
0.080729 10.000000 10.000000
0.081163 10.000000 10.000000
0.081597 10.000000 10.000000
0.082031 10.000000 10.000000
0.082465 10.000000 10.000000
0.082899 10.000000 10.000000
0.083333 10.000000 10.000000
0.083767 10.000000 10.000000
0.084201 10.000000 10.000000
0.084635 10.000000 10.000000
0.085069 10.000000 10.000000
0.085503 10.000000 10.000000
0.085938 10.000000 10.000000
0.086372 10.000000 10.000000
0.086806 10.000000 10.000000
0.087240 10.000000 10.000000
0.087674 10.000000 10.000000
0.088108 10.000000 10.000000
0.088542 10.000000 10.000000
0.088976 10.000000 10.000000
0.089410 10.000000 10.000000
0.089844 10.000000 10.000000
0.090278 10.000000 10.000000
0.090712 10.000000 10.000000
0.091146 10.000000 10.000000
0.091580 10.000000 10.000000
0.092014 10.000000 10.000000
0.092448 10.000000 10.000000
0.092882 10.000000 10.000000
0.093316 10.000000 10.000000
0.093750 10.000000 10.000000
0.094184 10.000000 10.000000
0.094618 10.000000 10.000000
0.095052 10.000000 10.000000
0.095486 10.000000 10.000000
0.095920 10.000000 10.000000
0.096354 10.000000 10.000000
0.096788 10.000000 10.000000
0.097222 10.000000 10.000000
0.097656 10.000000 10.000000
0.098090 10.000000 10.000000
0.098524 10.000000 10.000000
0.098958 10.000000 10.000000
0.099392 10.000000 10.000000
0.099826 10.000000 10.000000
0.100260 10.000000 10.000000
0.100694 10.000000 10.000000
0.101128 10.000000 10.000000
0.101562 10.000000 10.000000
0.101997 10.000000 10.000000
0.102431 10.000000 10.000000
0.102865 10.000000 10.000000
0.103299 10.000000 10.000000
0.103733 10.000000 10.000000
0.104167 10.000000 10.000000
0.104601 10.000000 10.000000
0.105035 10.000000 10.000000
0.105469 10.000000 10.000000
0.105903 10.000000 10.000000
0.106337 10.000000 10.000000
0.106771 10.000000 10.000000
0.107205 10.000000 10.000000
0.107639 10.000000 10.000000
0.108073 10.000000 10.000000
0.108507 10.000000 10.000000
0.108941 10.000000 10.000000
0.109375 10.000000 10.000000
0.109809 10.000000 10.000000
0.110243 10.000000 10.000000
0.110677 10.000000 10.000000
0.111111 10.000000 10.000000
0.111545 10.000000 10.000000
0.111979 10.000000 10.000000
0.112413 10.000000 10.000000
0.112847 10.000000 10.000000
0.113281 10.000000 10.000000
0.113715 10.000000 10.000000
0.114149 10.000000 10.000000
0.114583 10.000000 10.000000
0.115017 10.000000 10.000000
0.115451 10.000000 10.000000
0.115885 10.000000 10.000000
0.116319 10.000000 10.000000
0.116753 10.000000 10.000000
0.117188 10.000000 10.000000
0.117622 10.000000 10.000000
0.118056 10.000000 10.000000
0.118490 10.000000 10.000000
0.118924 10.000000 10.000000
0.119358 10.000000 10.000000
0.119792 10.000000 10.000000
0.120226 10.000000 10.000000
0.120660 10.000000 10.000000
0.121094 10.000000 10.000000
0.121528 10.000000 10.000000
0.121962 10.000000 10.000000
0.122396 10.000000 10.000000
0.122830 10.000000 10.000000
0.123264 10.000000 10.000000
0.123698 10.000000 10.000000
0.124132 10.000000 10.000000
0.124566 10.000000 10.000000
0.125000 10.000000 10.000000
0.125434 10.000000 10.000000
0.125868 10.000000 10.000000
0.126302 10.000000 10.000000
0.126736 10.000000 10.000000
0.127170 10.000000 10.000000
0.127604 10.000000 10.000000
0.128038 10.000000 10.000000
0.128472 10.000000 10.000000
0.128906 10.000000 10.000000
0.129340 10.000000 10.000000
0.129774 10.000000 10.000000
0.130208 10.000000 10.000000
0.130642 10.000000 10.000000
0.131076 10.000000 10.000000
0.131510 10.000000 10.000000
0.131944 10.000000 10.000000
0.132378 10.000000 10.000000
0.132812 10.000000 10.000000
0.133247 10.000000 10.000000
0.133681 10.000000 10.000000
0.134115 10.000000 10.000000
0.134549 10.000000 10.000000
0.134983 10.000000 10.000000
0.135417 10.000000 10.000000
0.135851 10.000000 10.000000
0.136285 10.000000 10.000000
0.136719 10.000000 10.000000
0.137153 10.000000 10.000000
0.137587 10.000000 10.000000
0.138021 10.000000 10.000000
0.138455 10.000000 10.000000
0.138889 10.000000 10.000000
0.139323 10.000000 10.000000
0.139757 10.000000 10.000000
0.140191 10.000000 10.000000
0.140625 10.000000 10.000000
0.141059 10.000000 10.000000
0.141493 10.000000 10.000000
0.141927 10.000000 10.000000
0.142361 10.000000 10.000000
0.142795 10.000000 10.000000
0.143229 10.000000 10.000000
0.143663 10.000000 10.000000
0.144097 10.000000 10.000000
0.144531 10.000000 10.000000
0.144965 10.000000 10.000000
0.145399 10.000000 10.000000
0.145833 10.000000 10.000000
0.146267 10.000000 10.000000
0.146701 10.000000 10.000000
0.147135 10.000000 10.000000
0.147569 10.000000 10.000000
0.148003 10.000000 10.000000
0.148438 10.000000 10.000000
0.148872 10.000000 10.000000
0.149306 10.000000 10.000000
0.149740 10.000000 10.000000
0.150174 10.000000 10.000000
0.150608 10.000000 10.000000
0.151042 10.000000 10.000000
0.151476 10.000000 10.000000
0.151910 10.000000 10.000000
0.152344 10.000000 10.000000
0.152778 10.000000 10.000000
0.153212 10.000000 10.000000
0.153646 10.000000 10.000000
0.154080 10.000000 10.000000
0.154514 10.000000 10.000000
0.154948 10.000000 10.000000
0.155382 10.000000 10.000000
0.155816 10.000000 10.000000
0.156250 10.000000 10.000000
0.156684 10.000000 10.000000
0.157118 10.000000 10.000000
0.157552 10.000000 10.000000
0.157986 10.000000 10.000000
0.158420 10.000000 10.000000
0.158854 10.000000 10.000000
0.159288 10.000000 10.000000
0.159722 10.000000 10.000000
0.160156 10.000000 10.000000
0.160590 10.000000 10.000000
0.161024 10.000000 10.000000
0.161458 10.000000 10.000000
0.161892 10.000000 10.000000
0.162326 10.000000 10.000000
0.162760 10.000000 10.000000
0.163194 10.000000 10.000000
0.163628 10.000000 10.000000
0.164062 10.000000 10.000000
0.164497 10.000000 10.000000
0.164931 10.000000 10.000000
0.165365 10.000000 10.000000
0.165799 10.000000 10.000000
0.166233 10.000000 10.000000
0.166667 10.000000 10.000000
0.167101 10.000000 10.000000
0.167535 10.000000 10.000000
0.167969 10.000000 10.000000
0.168403 10.000000 10.000000
0.168837 10.000000 10.000000
0.169271 10.000000 10.000000
0.169705 10.000000 10.000000
0.170139 10.000000 10.000000
0.170573 10.000000 10.000000
0.171007 10.000000 10.000000
0.171441 10.000000 10.000000
0.171875 10.000000 10.000000
0.172309 10.000000 10.000000
0.172743 10.000000 10.000000
0.173177 10.000000 10.000000
0.173611 10.000000 10.000000
0.174045 10.000000 10.000000
0.174479 10.000000 10.000000
0.174913 10.000000 10.000000
0.175347 10.000000 10.000000
0.175781 10.000000 10.000000
0.176215 10.000000 10.000000
0.176649 10.000000 10.000000
0.177083 10.000000 10.000000
0.177517 10.000000 10.000000
0.177951 10.000000 10.000000
0.178385 10.000000 10.000000
0.178819 10.000000 10.000000
0.179253 10.000000 10.000000
0.179688 10.000000 10.000000
0.180122 10.000000 10.000000
0.180556 10.000000 10.000000
0.180990 10.000000 10.000000
0.181424 10.000000 10.000000
0.181858 10.000000 10.000000
0.182292 10.000000 10.000000
0.182726 10.000000 10.000000
0.183160 10.000000 10.000000
0.183594 10.000000 10.000000
0.184028 10.000000 10.000000
0.184462 10.000000 10.000000
0.184896 10.000000 10.000000
0.185330 10.000000 10.000000
0.185764 10.000000 10.000000
0.186198 10.000000 10.000000
0.186632 10.000000 10.000000
0.187066 10.000000 10.000000
0.187500 10.000000 10.000000
0.187934 10.000000 10.000000
0.188368 10.000000 10.000000
0.188802 10.000000 10.000000
0.189236 10.000000 10.000000
0.189670 10.000000 10.000000
0.190104 10.000000 10.000000
0.190538 10.000000 10.000000
0.190972 10.000000 10.000000
0.191406 10.000000 10.000000
0.191840 10.000000 10.000000
0.192274 10.000000 10.000000
0.192708 10.000000 10.000000
0.193142 10.000000 10.000000
0.193576 10.000000 10.000000
0.194010 10.000000 10.000000
0.194444 10.000000 10.000000
0.194878 10.000000 10.000000
0.195312 10.000000 10.000000
0.195747 10.000000 10.000000
0.196181 10.000000 10.000000
0.196615 10.000000 10.000000
0.197049 10.000000 10.000000
0.197483 10.000000 10.000000
0.197917 10.000000 10.000000
0.198351 10.000000 10.000000
0.198785 10.000000 10.000000
0.199219 10.000000 10.000000
0.199653 10.000000 10.000000
0.200087 10.000000 10.000000
0.200521 10.000000 10.000000
0.200955 10.000000 10.000000
0.201389 10.000000 10.000000
0.201823 10.000000 10.000000
0.202257 10.000000 10.000000
0.202691 10.000000 10.000000
0.203125 10.000000 10.000000
0.203559 10.000000 10.000000
0.203993 10.000000 10.000000
0.204427 10.000000 10.000000
0.204861 10.000000 10.000000
0.205295 10.000000 10.000000
0.205729 10.000000 10.000000
0.206163 10.000000 10.000000
0.206597 10.000000 10.000000
0.207031 10.000000 10.000000
0.207465 10.000000 10.000000
0.207899 10.000000 10.000000
0.208333 10.000000 10.000000
0.208767 10.000000 10.000000
0.209201 10.000000 10.000000
0.209635 10.000000 10.000000
0.210069 10.000000 10.000000
0.210503 10.000000 10.000000
0.210938 10.000000 10.000000
0.211372 10.000000 10.000000
0.211806 10.000000 10.000000
0.212240 10.000000 10.000000
0.212674 10.000000 10.000000
0.213108 10.000000 10.000000
0.213542 10.000000 10.000000
0.213976 10.000000 10.000000
0.214410 10.000000 10.000000
0.214844 10.000000 10.000000
0.215278 10.000000 10.000000
0.215712 10.000000 10.000000
0.216146 10.000000 10.000000
0.216580 10.000000 10.000000
0.217014 10.000000 10.000000
0.217448 10.000000 10.000000
0.217882 10.000000 10.000000
0.218316 10.000000 10.000000
0.218750 10.000000 10.000000
0.219184 10.000000 10.000000
0.219618 10.000000 10.000000
0.220052 10.000000 10.000000
0.220486 10.000000 10.000000
0.220920 10.000000 10.000000
0.221354 10.000000 10.000000
0.221788 10.000000 10.000000
0.222222 10.000000 10.000000
0.222656 10.000000 10.000000
0.223090 10.000000 10.000000
0.223524 10.000000 10.000000
0.223958 10.000000 10.000000
0.224392 10.000000 10.000000
0.224826 10.000000 10.000000
0.225260 10.000000 10.000000
0.225694 10.000000 10.000000
0.226128 10.000000 10.000000
0.226562 10.000000 10.000000
0.226997 10.000000 10.000000
0.227431 10.000000 10.000000
0.227865 10.000000 10.000000
0.228299 10.000000 10.000000
0.228733 10.000000 10.000000
0.229167 10.000000 10.000000
0.229601 10.000000 10.000000
0.230035 10.000000 10.000000
0.230469 10.000000 10.000000
0.230903 10.000000 10.000000
0.231337 10.000000 10.000000
0.231771 10.000000 10.000000
0.232205 10.000000 10.000000
0.232639 10.000000 10.000000
0.233073 10.000000 10.000000
0.233507 10.000000 10.000000
0.233941 10.000000 10.000000
0.234375 10.000000 10.000000
0.234809 10.000000 10.000000
0.235243 10.000000 10.000000
0.235677 10.000000 10.000000
0.236111 10.000000 10.000000
0.236545 10.000000 10.000000
0.236979 10.000000 10.000000
0.237413 10.000000 10.000000
0.237847 10.000000 10.000000
0.238281 10.000000 10.000000
0.238715 10.000000 10.000000
0.239149 10.000000 10.000000
0.239583 10.000000 10.000000
0.240017 10.000000 10.000000
0.240451 10.000000 10.000000
0.240885 10.000000 10.000000
0.241319 10.000000 10.000000
0.241753 10.000000 10.000000
0.242188 10.000000 10.000000
0.242622 10.000000 10.000000
0.243056 10.000000 10.000000
0.243490 10.000000 10.000000
0.243924 10.000000 10.000000
0.244358 10.000000 10.000000
0.244792 10.000000 10.000000
0.245226 10.000000 10.000000
0.245660 10.000000 10.000000
0.246094 10.000000 10.000000
0.246528 10.000000 10.000000
0.246962 10.000000 10.000000
0.247396 10.000000 10.000000
0.247830 10.000000 10.000000
0.248264 10.000000 10.000000
0.248698 10.000000 10.000000
0.249132 10.000000 10.000000
0.249566 10.000000 10.000000
0.250000 10.000000 10.000000
0.250434 10.000000 10.000000
0.250868 10.000000 10.000000
0.251302 10.000000 10.000000
0.251736 10.000000 10.000000
0.252170 10.000000 10.000000
0.252604 10.000000 10.000000
0.253038 10.000000 10.000000
0.253472 10.000000 10.000000
0.253906 10.000000 10.000000
0.254340 10.000000 10.000000
0.254774 10.000000 10.000000
0.255208 10.000000 10.000000
0.255642 10.000000 10.000000
0.256076 10.000000 10.000000
0.256510 10.000000 10.000000
0.256944 10.000000 10.000000
0.257378 10.000000 10.000000
0.257812 10.000000 10.000000
0.258247 10.000000 10.000000
0.258681 10.000000 10.000000
0.259115 10.000000 10.000000
0.259549 10.000000 10.000000
0.259983 10.000000 10.000000
0.260417 10.000000 10.000000
0.260851 10.000000 10.000000
0.261285 10.000000 10.000000
0.261719 10.000000 10.000000
0.262153 10.000000 10.000000
0.262587 10.000000 10.000000
0.263021 10.000000 10.000000
0.263455 10.000000 10.000000
0.263889 10.000000 10.000000
0.264323 10.000000 10.000000
0.264757 10.000000 10.000000
0.265191 10.000000 10.000000
0.265625 10.000000 10.000000
0.266059 10.000000 10.000000
0.266493 10.000000 10.000000
0.266927 10.000000 10.000000
0.267361 10.000000 10.000000
0.267795 10.000000 10.000000
0.268229 10.000000 10.000000
0.268663 10.000000 10.000000
0.269097 10.000000 10.000000
0.269531 10.000000 10.000000
0.269965 10.000000 10.000000
0.270399 10.000000 10.000000
0.270833 10.000000 10.000000
0.271267 10.000000 10.000000
0.271701 10.000000 10.000000
0.272135 10.000000 10.000000
0.272569 10.000000 10.000000
0.273003 10.000000 10.000000
0.273438 10.000000 10.000000
0.273872 10.000000 10.000000
0.274306 10.000000 10.000000
0.274740 10.000000 10.000000
0.275174 10.000000 10.000000
0.275608 10.000000 10.000000
0.276042 10.000000 10.000000
0.276476 10.000000 10.000000
0.276910 10.000000 10.000000
0.277344 10.000000 10.000000
0.277778 10.000000 10.000000
0.278212 10.000000 10.000000
0.278646 10.000000 10.000000
0.279080 10.000000 10.000000
0.279514 10.000000 10.000000
0.279948 10.000000 10.000000
0.280382 10.000000 10.000000
0.280816 10.000000 10.000000
0.281250 10.000000 10.000000
0.281684 10.000000 10.000000
0.282118 10.000000 10.000000
0.282552 10.000000 10.000000
0.282986 10.000000 10.000000
0.283420 10.000000 10.000000
0.283854 10.000000 10.000000
0.284288 10.000000 10.000000
0.284722 10.000000 10.000000
0.285156 10.000000 10.000000
0.285590 10.000000 10.000000
0.286024 10.000000 10.000000
0.286458 10.000000 10.000000
0.286892 10.000000 10.000000
0.287326 10.000000 10.000000
0.287760 10.000000 10.000000
0.288194 10.000000 10.000000
0.288628 10.000000 10.000000
0.289062 10.000000 10.000000
0.289497 10.000000 10.000000
0.289931 10.000000 10.000000
0.290365 10.000000 10.000000
0.290799 10.000000 10.000000
0.291233 10.000000 10.000000
0.291667 10.000000 10.000000
0.292101 10.000000 10.000000
0.292535 10.000000 10.000000
0.292969 10.000000 10.000000
0.293403 10.000000 10.000000
0.293837 10.000000 10.000000
0.294271 10.000000 10.000000
0.294705 10.000000 10.000000
0.295139 10.000000 10.000000
0.295573 10.000000 10.000000
0.296007 10.000000 10.000000
0.296441 10.000000 10.000000
0.296875 10.000000 10.000000
0.297309 10.000000 10.000000
0.297743 10.000000 10.000000
0.298177 10.000000 10.000000
0.298611 10.000000 10.000000
0.299045 10.000000 10.000000
0.299479 10.000000 10.000000
0.299913 10.000000 10.000000
0.300347 10.000000 10.000000
0.300781 10.000000 10.000000
0.301215 10.000000 10.000000
0.301649 10.000000 10.000000
0.302083 10.000000 10.000000
0.302517 10.000000 10.000000
0.302951 10.000000 10.000000
0.303385 10.000000 10.000000
0.303819 10.000000 10.000000
0.304253 10.000000 10.000000
0.304688 10.000000 10.000000
0.305122 10.000000 10.000000
0.305556 10.000000 10.000000
0.305990 10.000000 10.000000
0.306424 10.000000 10.000000
0.306858 10.000000 10.000000
0.307292 10.000000 10.000000
0.307726 10.000000 10.000000
0.308160 10.000000 10.000000
0.308594 10.000000 10.000000
0.309028 10.000000 10.000000
0.309462 10.000000 10.000000
0.309896 10.000000 10.000000
0.310330 10.000000 10.000000
0.310764 10.000000 10.000000
0.311198 10.000000 10.000000
0.311632 10.000000 10.000000
0.312066 10.000000 10.000000
0.312500 10.000000 10.000000
0.312934 10.000000 10.000000
0.313368 10.000000 10.000000
0.313802 10.000000 10.000000
0.314236 10.000000 10.000000
0.314670 10.000000 10.000000
0.315104 10.000000 10.000000
0.315538 10.000000 10.000000
0.315972 10.000000 10.000000
0.316406 10.000000 10.000000
0.316840 10.000000 10.000000
0.317274 10.000000 10.000000
0.317708 10.000000 10.000000
0.318142 10.000000 10.000000
0.318576 10.000000 10.000000
0.319010 10.000000 10.000000
0.319444 10.000000 10.000000
0.319878 10.000000 10.000000
0.320312 10.000000 10.000000
0.320747 10.000000 10.000000
0.321181 10.000000 10.000000
0.321615 10.000000 10.000000
0.322049 10.000000 10.000000
0.322483 10.000000 10.000000
0.322917 10.000000 10.000000
0.323351 10.000000 10.000000
0.323785 10.000000 10.000000
0.324219 10.000000 10.000000
0.324653 10.000000 10.000000
0.325087 10.000000 10.000000
0.325521 10.000000 10.000000
0.325955 10.000000 10.000000
0.326389 10.000000 10.000000
0.326823 10.000000 10.000000
0.327257 10.000000 10.000000
0.327691 10.000000 10.000000
0.328125 10.000000 10.000000
0.328559 10.000000 10.000000
0.328993 10.000000 10.000000
0.329427 10.000000 10.000000
0.329861 10.000000 10.000000
0.330295 10.000000 10.000000
0.330729 10.000000 10.000000
0.331163 10.000000 10.000000
0.331597 10.000000 10.000000
0.332031 10.000000 10.000000
0.332465 10.000000 10.000000
0.332899 10.000000 10.000000
0.333333 10.000000 10.000000
0.333767 10.000000 10.000000
0.334201 10.000000 10.000000
0.334635 10.000000 10.000000
0.335069 10.000000 10.000000
0.335503 10.000000 10.000000
0.335938 10.000000 10.000000
0.336372 10.000000 10.000000
0.336806 10.000000 10.000000
0.337240 10.000000 10.000000
0.337674 10.000000 10.000000
0.338108 10.000000 10.000000
0.338542 10.000000 10.000000
0.338976 10.000000 10.000000
0.339410 10.000000 10.000000
0.339844 10.000000 10.000000
0.340278 10.000000 10.000000
0.340712 10.000000 10.000000
0.341146 10.000000 10.000000
0.341580 10.000000 10.000000
0.342014 10.000000 10.000000
0.342448 10.000000 10.000000
0.342882 10.000000 10.000000
0.343316 10.000000 10.000000
0.343750 10.000000 10.000000
0.344184 10.000000 10.000000
0.344618 10.000000 10.000000
0.345052 10.000000 10.000000
0.345486 10.000000 10.000000
0.345920 10.000000 10.000000
0.346354 10.000000 10.000000
0.346788 10.000000 10.000000
0.347222 10.000000 10.000000
0.347656 10.000000 10.000000
0.348090 10.000000 10.000000
0.348524 10.000000 10.000000
0.348958 10.000000 10.000000
0.349392 10.000000 10.000000
0.349826 10.000000 10.000000
0.350260 10.000000 10.000000
0.350694 10.000000 10.000000
0.351128 10.000000 10.000000
0.351562 10.000000 10.000000
0.351997 10.000000 10.000000
0.352431 10.000000 10.000000
0.352865 10.000000 10.000000
0.353299 10.000000 10.000000
0.353733 10.000000 10.000000
0.354167 10.000000 10.000000
0.354601 10.000000 10.000000
0.355035 10.000000 10.000000
0.355469 10.000000 10.000000
0.355903 10.000000 10.000000
0.356337 10.000000 10.000000
0.356771 10.000000 10.000000
0.357205 10.000000 10.000000
0.357639 10.000000 10.000000
0.358073 10.000000 10.000000
0.358507 10.000000 10.000000
0.358941 10.000000 10.000000
0.359375 10.000000 10.000000
0.359809 10.000000 10.000000
0.360243 10.000000 10.000000
0.360677 10.000000 10.000000
0.361111 10.000000 10.000000
0.361545 10.000000 10.000000
0.361979 10.000000 10.000000
0.362413 10.000000 10.000000
0.362847 10.000000 10.000000
0.363281 10.000000 10.000000
0.363715 10.000000 10.000000
0.364149 10.000000 10.000000
0.364583 10.000000 10.000000
0.365017 10.000000 10.000000
0.365451 10.000000 10.000000
0.365885 10.000000 10.000000
0.366319 10.000000 10.000000
0.366753 10.000000 10.000000
0.367188 10.000000 10.000000
0.367622 10.000000 10.000000
0.368056 10.000000 10.000000
0.368490 10.000000 10.000000
0.368924 10.000000 10.000000
0.369358 10.000000 10.000000
0.369792 10.000000 10.000000
0.370226 10.000000 10.000000
0.370660 10.000000 10.000000
0.371094 10.000000 10.000000
0.371528 10.000000 10.000000
0.371962 10.000000 10.000000
0.372396 10.000000 10.000000
0.372830 10.000000 10.000000
0.373264 10.000000 10.000000
0.373698 10.000000 10.000000
0.374132 10.000000 10.000000
0.374566 10.000000 10.000000
0.375000 10.000000 10.000000
0.375434 10.000000 10.000000
0.375868 10.000000 10.000000
0.376302 10.000000 10.000000
0.376736 10.000000 10.000000
0.377170 10.000000 10.000000
0.377604 10.000000 10.000000
0.378038 10.000000 10.000000
0.378472 10.000000 10.000000
0.378906 10.000000 10.000000
0.379340 10.000000 10.000000
0.379774 10.000000 10.000000
0.380208 10.000000 10.000000
0.380642 10.000000 10.000000
0.381076 10.000000 10.000000
0.381510 10.000000 10.000000
0.381944 10.000000 10.000000
0.382378 10.000000 10.000000
0.382812 10.000000 10.000000
0.383247 10.000000 10.000000
0.383681 10.000000 10.000000
0.384115 10.000000 10.000000
0.384549 10.000000 10.000000
0.384983 10.000000 10.000000
0.385417 10.000000 10.000000
0.385851 10.000000 10.000000
0.386285 10.000000 10.000000
0.386719 10.000000 10.000000
0.387153 10.000000 10.000000
0.387587 10.000000 10.000000
0.388021 10.000000 10.000000
0.388455 10.000000 10.000000
0.388889 10.000000 10.000000
0.389323 10.000000 10.000000
0.389757 10.000000 10.000000
0.390191 10.000000 10.000000
0.390625 10.000000 10.000000
0.391059 10.000000 10.000000
0.391493 10.000000 10.000000
0.391927 10.000000 10.000000
0.392361 10.000000 10.000000
0.392795 10.000000 10.000000
0.393229 10.000000 10.000000
0.393663 10.000000 10.000000
0.394097 10.000000 10.000000
0.394531 10.000000 10.000000
0.394965 10.000000 10.000000
0.395399 10.000000 10.000000
0.395833 10.000000 10.000000
0.396267 10.000000 10.000000
0.396701 10.000000 10.000000
0.397135 10.000000 10.000000
0.397569 10.000000 10.000000
0.398003 10.000000 10.000000
0.398438 10.000000 10.000000
0.398872 10.000000 10.000000
0.399306 10.000000 10.000000
0.399740 10.000000 10.000000
0.400174 10.000000 10.000000
0.400608 10.000000 10.000000
0.401042 10.000000 10.000000
0.401476 10.000000 10.000000
0.401910 10.000000 10.000000
0.402344 10.000000 10.000000
0.402778 10.000000 10.000000
0.403212 10.000000 10.000000
0.403646 10.000000 10.000000
0.404080 10.000000 10.000000
0.404514 10.000000 10.000000
0.404948 10.000000 10.000000
0.405382 10.000000 10.000000
0.405816 10.000000 10.000000
0.406250 10.000000 10.000000
0.406684 10.000000 10.000000
0.407118 10.000000 10.000000
0.407552 10.000000 10.000000
0.407986 10.000000 10.000000
0.408420 10.000000 10.000000
0.408854 10.000000 10.000000
0.409288 10.000000 10.000000
0.409722 10.000000 10.000000
0.410156 10.000000 10.000000
0.410590 10.000000 10.000000
0.411024 10.000000 10.000000
0.411458 10.000000 10.000000
0.411892 10.000000 10.000000
0.412326 10.000000 10.000000
0.412760 10.000000 10.000000
0.413194 10.000000 10.000000
0.413628 10.000000 10.000000
0.414062 10.000000 10.000000
0.414497 10.000000 10.000000
0.414931 10.000000 10.000000
0.415365 10.000000 10.000000
0.415799 10.000000 10.000000
0.416233 10.000000 10.000000
0.416667 10.000000 10.000000
0.417101 10.000000 10.000000
0.417535 10.000000 10.000000
0.417969 10.000000 10.000000
0.418403 10.000000 10.000000
0.418837 10.000000 10.000000
0.419271 10.000000 10.000000
0.419705 10.000000 10.000000
0.420139 10.000000 10.000000
0.420573 10.000000 10.000000
0.421007 10.000000 10.000000
0.421441 10.000000 10.000000
0.421875 10.000000 10.000000
0.422309 10.000000 10.000000
0.422743 10.000000 10.000000
0.423177 10.000000 10.000000
0.423611 10.000000 10.000000
0.424045 10.000000 10.000000
0.424479 10.000000 10.000000
0.424913 10.000000 10.000000
0.425347 10.000000 10.000000
0.425781 10.000000 10.000000
0.426215 10.000000 10.000000
0.426649 10.000000 10.000000
0.427083 10.000000 10.000000
0.427517 10.000000 10.000000
0.427951 10.000000 10.000000
0.428385 10.000000 10.000000
0.428819 10.000000 10.000000
0.429253 10.000000 10.000000
0.429688 10.000000 10.000000
0.430122 10.000000 10.000000
0.430556 10.000000 10.000000
0.430990 10.000000 10.000000
0.431424 10.000000 10.000000
0.431858 10.000000 10.000000
0.432292 10.000000 10.000000
0.432726 10.000000 10.000000
0.433160 10.000000 10.000000
0.433594 10.000000 10.000000
0.434028 10.000000 10.000000
0.434462 10.000000 10.000000
0.434896 10.000000 10.000000
0.435330 10.000000 10.000000
0.435764 10.000000 10.000000
0.436198 10.000000 10.000000
0.436632 10.000000 10.000000
0.437066 10.000000 10.000000
0.437500 10.000000 10.000000
0.437934 10.000000 10.000000
0.438368 10.000000 10.000000
0.438802 10.000000 10.000000
0.439236 10.000000 10.000000
0.439670 10.000000 10.000000
0.440104 10.000000 10.000000
0.440538 10.000000 10.000000
0.440972 10.000000 10.000000
0.441406 10.000000 10.000000
0.441840 10.000000 10.000000
0.442274 10.000000 10.000000
0.442708 10.000000 10.000000
0.443142 10.000000 10.000000
0.443576 10.000000 10.000000
0.444010 10.000000 10.000000
0.444444 10.000000 10.000000
0.444878 10.000000 10.000000
0.445312 10.000000 10.000000
0.445747 10.000000 10.000000
0.446181 10.000000 10.000000
0.446615 10.000000 10.000000
0.447049 10.000000 10.000000
0.447483 10.000000 10.000000
0.447917 10.000000 10.000000
0.448351 10.000000 10.000000
0.448785 10.000000 10.000000
0.449219 10.000000 10.000000
0.449653 10.000000 10.000000
0.450087 10.000000 10.000000
0.450521 10.000000 10.000000
0.450955 10.000000 10.000000
0.451389 10.000000 10.000000
0.451823 10.000000 10.000000
0.452257 10.000000 10.000000
0.452691 10.000000 10.000000
0.453125 10.000000 10.000000
0.453559 10.000000 10.000000
0.453993 10.000000 10.000000
0.454427 10.000000 10.000000
0.454861 10.000000 10.000000
0.455295 10.000000 10.000000
0.455729 10.000000 10.000000
0.456163 10.000000 10.000000
0.456597 10.000000 10.000000
0.457031 10.000000 10.000000
0.457465 10.000000 10.000000
0.457899 10.000000 10.000000
0.458333 10.000000 10.000000
0.458767 10.000000 10.000000
0.459201 10.000000 10.000000
0.459635 10.000000 10.000000
0.460069 10.000000 10.000000
0.460503 10.000000 10.000000
0.460938 10.000000 10.000000
0.461372 10.000000 10.000000
0.461806 10.000000 10.000000
0.462240 10.000000 10.000000
0.462674 10.000000 10.000000
0.463108 10.000000 10.000000
0.463542 10.000000 10.000000
0.463976 10.000000 10.000000
0.464410 10.000000 10.000000
0.464844 10.000000 10.000000
0.465278 10.000000 10.000000
0.465712 10.000000 10.000000
0.466146 10.000000 10.000000
0.466580 10.000000 10.000000
0.467014 10.000000 10.000000
0.467448 10.000000 10.000000
0.467882 10.000000 10.000000
0.468316 10.000000 10.000000
0.468750 10.000000 10.000000
0.469184 10.000000 10.000000
0.469618 10.000000 10.000000
0.470052 10.000000 10.000000
0.470486 10.000000 10.000000
0.470920 10.000000 10.000000
0.471354 10.000000 10.000000
0.471788 10.000000 10.000000
0.472222 10.000000 10.000000
0.472656 10.000000 10.000000
0.473090 10.000000 10.000000
0.473524 10.000000 10.000000
0.473958 10.000000 10.000000
0.474392 10.000000 10.000000
0.474826 10.000000 10.000000
0.475260 10.000000 10.000000
0.475694 10.000000 10.000000
0.476128 10.000000 10.000000
0.476562 10.000000 10.000000
0.476997 10.000000 10.000000
0.477431 10.000000 10.000000
0.477865 10.000000 10.000000
0.478299 10.000000 10.000000
0.478733 10.000000 10.000000
0.479167 10.000000 10.000000
0.479601 10.000000 10.000000
0.480035 10.000000 10.000000
0.480469 10.000000 10.000000
0.480903 10.000000 10.000000
0.481337 10.000000 10.000000
0.481771 10.000000 10.000000
0.482205 10.000000 10.000000
0.482639 10.000000 10.000000
0.483073 10.000000 10.000000
0.483507 10.000000 10.000000
0.483941 10.000000 10.000000
0.484375 10.000000 10.000000
0.484809 10.000000 10.000000
0.485243 10.000000 10.000000
0.485677 10.000000 10.000000
0.486111 10.000000 10.000000
0.486545 10.000000 10.000000
0.486979 10.000000 10.000000
0.487413 10.000000 10.000000
0.487847 10.000000 10.000000
0.488281 10.000000 10.000000
0.488715 10.000000 10.000000
0.489149 10.000000 10.000000
0.489583 10.000000 10.000000
0.490017 10.000000 10.000000
0.490451 10.000000 10.000000
0.490885 10.000000 10.000000
0.491319 10.000000 10.000000
0.491753 10.000000 10.000000
0.492188 10.000000 10.000000
0.492622 10.000000 10.000000
0.493056 10.000000 10.000000
0.493490 10.000000 10.000000
0.493924 10.000000 10.000000
0.494358 10.000000 10.000000
0.494792 10.000000 10.000000
0.495226 10.000000 10.000000
0.495660 10.000000 10.000000
0.496094 10.000000 10.000000
0.496528 10.000000 10.000000
0.496962 10.000000 10.000000
0.497396 10.000000 10.000000
0.497830 10.000000 10.000000
0.498264 10.000000 10.000000
0.498698 10.000000 10.000000
0.499132 10.000000 10.000000
0.499566 10.000000 10.000000
0.500000 10.000000 10.000000
0.500434 10.000000 10.000000
0.500868 10.000000 10.000000
0.501302 10.000000 10.000000
0.501736 10.000000 10.000000
0.502170 10.000000 10.000000
0.502604 10.000000 10.000000
0.503038 10.000000 10.000000
0.503472 10.000000 10.000000
0.503906 10.000000 10.000000
0.504340 10.000000 10.000000
0.504774 10.000000 10.000000
0.505208 10.000000 10.000000
0.505642 10.000000 10.000000
0.506076 10.000000 10.000000
0.506510 10.000000 10.000000
0.506944 10.000000 10.000000
0.507378 10.000000 10.000000
0.507812 10.000000 10.000000
0.508247 10.000000 10.000000
0.508681 10.000000 10.000000
0.509115 10.000000 10.000000
0.509549 10.000000 10.000000
0.509983 10.000000 10.000000
0.510417 10.000000 10.000000
0.510851 10.000000 10.000000
0.511285 10.000000 10.000000
0.511719 10.000000 10.000000
0.512153 10.000000 10.000000
0.512587 10.000000 10.000000
0.513021 10.000000 10.000000
0.513455 10.000000 10.000000
0.513889 10.000000 10.000000
0.514323 10.000000 10.000000
0.514757 10.000000 10.000000
0.515191 10.000000 10.000000
0.515625 10.000000 10.000000
0.516059 10.000000 10.000000
0.516493 10.000000 10.000000
0.516927 10.000000 10.000000
0.517361 10.000000 10.000000
0.517795 10.000000 10.000000
0.518229 10.000000 10.000000
0.518663 10.000000 10.000000
0.519097 10.000000 10.000000
0.519531 10.000000 10.000000
0.519965 10.000000 10.000000
0.520399 10.000000 10.000000
0.520833 10.000000 10.000000
0.521267 10.000000 10.000000
0.521701 10.000000 10.000000
0.522135 10.000000 10.000000
0.522569 10.000000 10.000000
0.523003 10.000000 10.000000
0.523438 10.000000 10.000000
0.523872 10.000000 10.000000
0.524306 10.000000 10.000000
0.524740 10.000000 10.000000
0.525174 10.000000 10.000000
0.525608 10.000000 10.000000
0.526042 10.000000 10.000000
0.526476 10.000000 10.000000
0.526910 10.000000 10.000000
0.527344 10.000000 10.000000
0.527778 10.000000 10.000000
0.528212 10.000000 10.000000
0.528646 10.000000 10.000000
0.529080 10.000000 10.000000
0.529514 10.000000 10.000000
0.529948 10.000000 10.000000
0.530382 10.000000 10.000000
0.530816 10.000000 10.000000
0.531250 10.000000 10.000000
0.531684 10.000000 10.000000
0.532118 10.000000 10.000000
0.532552 10.000000 10.000000
0.532986 10.000000 10.000000
0.533420 10.000000 10.000000
0.533854 10.000000 10.000000
0.534288 10.000000 10.000000
0.534722 10.000000 10.000000
0.535156 10.000000 10.000000
0.535590 10.000000 10.000000
0.536024 10.000000 10.000000
0.536458 10.000000 10.000000
0.536892 10.000000 10.000000
0.537326 10.000000 10.000000
0.537760 10.000000 10.000000
0.538194 10.000000 10.000000
0.538628 10.000000 10.000000
0.539062 10.000000 10.000000
0.539497 10.000000 10.000000
0.539931 10.000000 10.000000
0.540365 10.000000 10.000000
0.540799 10.000000 10.000000
0.541233 10.000000 10.000000
0.541667 10.000000 10.000000
0.542101 10.000000 10.000000
0.542535 10.000000 10.000000
0.542969 10.000000 10.000000
0.543403 10.000000 10.000000
0.543837 10.000000 10.000000
0.544271 10.000000 10.000000
0.544705 10.000000 10.000000
0.545139 10.000000 10.000000
0.545573 10.000000 10.000000
0.546007 10.000000 10.000000
0.546441 10.000000 10.000000
0.546875 10.000000 10.000000
0.547309 10.000000 10.000000
0.547743 10.000000 10.000000
0.548177 10.000000 10.000000
0.548611 10.000000 10.000000
0.549045 10.000000 10.000000
0.549479 10.000000 10.000000
0.549913 10.000000 10.000000
0.550347 10.000000 10.000000
0.550781 10.000000 10.000000
0.551215 10.000000 10.000000
0.551649 10.000000 10.000000
0.552083 10.000000 10.000000
0.552517 10.000000 10.000000
0.552951 10.000000 10.000000
0.553385 10.000000 10.000000
0.553819 10.000000 10.000000
0.554253 10.000000 10.000000
0.554688 10.000000 10.000000
0.555122 10.000000 10.000000
0.555556 10.000000 10.000000
0.555990 10.000000 10.000000
0.556424 10.000000 10.000000
0.556858 10.000000 10.000000
0.557292 10.000000 10.000000
0.557726 10.000000 10.000000
0.558160 10.000000 10.000000
0.558594 10.000000 10.000000
0.559028 10.000000 10.000000
0.559462 10.000000 10.000000
0.559896 10.000000 10.000000
0.560330 10.000000 10.000000
0.560764 10.000000 10.000000
0.561198 10.000000 10.000000
0.561632 10.000000 10.000000
0.562066 10.000000 10.000000
0.562500 10.000000 10.000000
0.562934 10.000000 10.000000
0.563368 10.000000 10.000000
0.563802 10.000000 10.000000
0.564236 10.000000 10.000000
0.564670 10.000000 10.000000
0.565104 10.000000 10.000000
0.565538 10.000000 10.000000
0.565972 10.000000 10.000000
0.566406 10.000000 10.000000
0.566840 10.000000 10.000000
0.567274 10.000000 10.000000
0.567708 10.000000 10.000000
0.568142 10.000000 10.000000
0.568576 10.000000 10.000000
0.569010 10.000000 10.000000
0.569444 10.000000 10.000000
0.569878 10.000000 10.000000
0.570312 10.000000 10.000000
0.570747 10.000000 10.000000
0.571181 10.000000 10.000000
0.571615 10.000000 10.000000
0.572049 10.000000 10.000000
0.572483 10.000000 10.000000
0.572917 10.000000 10.000000
0.573351 10.000000 10.000000
0.573785 10.000000 10.000000
0.574219 10.000000 10.000000
0.574653 10.000000 10.000000
0.575087 10.000000 10.000000
0.575521 10.000000 10.000000
0.575955 10.000000 10.000000
0.576389 10.000000 10.000000
0.576823 10.000000 10.000000
0.577257 10.000000 10.000000
0.577691 10.000000 10.000000
0.578125 10.000000 10.000000
0.578559 10.000000 10.000000
0.578993 10.000000 10.000000
0.579427 10.000000 10.000000
0.579861 10.000000 10.000000
0.580295 10.000000 10.000000
0.580729 10.000000 10.000000
0.581163 10.000000 10.000000
0.581597 10.000000 10.000000
0.582031 10.000000 10.000000
0.582465 10.000000 10.000000
0.582899 10.000000 10.000000
0.583333 10.000000 10.000000
0.583767 10.000000 10.000000
0.584201 10.000000 10.000000
0.584635 10.000000 10.000000
0.585069 10.000000 10.000000
0.585503 10.000000 10.000000
0.585938 10.000000 10.000000
0.586372 10.000000 10.000000
0.586806 10.000000 10.000000
0.587240 10.000000 10.000000
0.587674 10.000000 10.000000
0.588108 10.000000 10.000000
0.588542 10.000000 10.000000
0.588976 10.000000 10.000000
0.589410 10.000000 10.000000
0.589844 10.000000 10.000000
0.590278 10.000000 10.000000
0.590712 10.000000 10.000000
0.591146 10.000000 10.000000
0.591580 10.000000 10.000000
0.592014 10.000000 10.000000
0.592448 10.000000 10.000000
0.592882 10.000000 10.000000
0.593316 10.000000 10.000000
0.593750 10.000000 10.000000
0.594184 10.000000 10.000000
0.594618 10.000000 10.000000
0.595052 10.000000 10.000000
0.595486 10.000000 10.000000
0.595920 10.000000 10.000000
0.596354 10.000000 10.000000
0.596788 10.000000 10.000000
0.597222 10.000000 10.000000
0.597656 10.000000 10.000000
0.598090 10.000000 10.000000
0.598524 10.000000 10.000000
0.598958 10.000000 10.000000
0.599392 10.000000 10.000000
0.599826 10.000000 10.000000
0.600260 10.000000 10.000000
0.600694 10.000000 10.000000
0.601128 10.000000 10.000000
0.601562 10.000000 10.000000
0.601997 10.000000 10.000000
0.602431 10.000000 10.000000
0.602865 10.000000 10.000000
0.603299 10.000000 10.000000
0.603733 10.000000 10.000000
0.604167 10.000000 10.000000
0.604601 10.000000 10.000000
0.605035 10.000000 10.000000
0.605469 10.000000 10.000000
0.605903 10.000000 10.000000
0.606337 10.000000 10.000000
0.606771 10.000000 10.000000
0.607205 10.000000 10.000000
0.607639 10.000000 10.000000
0.608073 10.000000 10.000000
0.608507 10.000000 10.000000
0.608941 10.000000 10.000000
0.609375 10.000000 10.000000
0.609809 10.000000 10.000000
0.610243 10.000000 10.000000
0.610677 10.000000 10.000000
0.611111 10.000000 10.000000
0.611545 10.000000 10.000000
0.611979 10.000000 10.000000
0.612413 10.000000 10.000000
0.612847 10.000000 10.000000
0.613281 10.000000 10.000000
0.613715 10.000000 10.000000
0.614149 10.000000 10.000000
0.614583 10.000000 10.000000
0.615017 10.000000 10.000000
0.615451 10.000000 10.000000
0.615885 10.000000 10.000000
0.616319 10.000000 10.000000
0.616753 10.000000 10.000000
0.617188 10.000000 10.000000
0.617622 10.000000 10.000000
0.618056 10.000000 10.000000
0.618490 10.000000 10.000000
0.618924 10.000000 10.000000
0.619358 10.000000 10.000000
0.619792 10.000000 10.000000
0.620226 10.000000 10.000000
0.620660 10.000000 10.000000
0.621094 10.000000 10.000000
0.621528 10.000000 10.000000
0.621962 10.000000 10.000000
0.622396 10.000000 10.000000
0.622830 10.000000 10.000000
0.623264 10.000000 10.000000
0.623698 10.000000 10.000000
0.624132 10.000000 10.000000
0.624566 10.000000 10.000000
0.625000 10.000000 10.000000
0.625434 10.000000 10.000000
0.625868 10.000000 10.000000
0.626302 10.000000 10.000000
0.626736 10.000000 10.000000
0.627170 10.000000 10.000000
0.627604 10.000000 10.000000
0.628038 10.000000 10.000000
0.628472 10.000000 10.000000
0.628906 10.000000 10.000000
0.629340 10.000000 10.000000
0.629774 10.000000 10.000000
0.630208 10.000000 10.000000
0.630642 10.000000 10.000000
0.631076 10.000000 10.000000
0.631510 10.000000 10.000000
0.631944 10.000000 10.000000
0.632378 10.000000 10.000000
0.632812 10.000000 10.000000
0.633247 10.000000 10.000000
0.633681 10.000000 10.000000
0.634115 10.000000 10.000000
0.634549 10.000000 10.000000
0.634983 10.000000 10.000000
0.635417 10.000000 10.000000
0.635851 10.000000 10.000000
0.636285 10.000000 10.000000
0.636719 10.000000 10.000000
0.637153 10.000000 10.000000
0.637587 10.000000 10.000000
0.638021 10.000000 10.000000
0.638455 10.000000 10.000000
0.638889 10.000000 10.000000
0.639323 10.000000 10.000000
0.639757 10.000000 10.000000
0.640191 10.000000 10.000000
0.640625 10.000000 10.000000
0.641059 10.000000 10.000000
0.641493 10.000000 10.000000
0.641927 10.000000 10.000000
0.642361 10.000000 10.000000
0.642795 10.000000 10.000000
0.643229 10.000000 10.000000
0.643663 10.000000 10.000000
0.644097 10.000000 10.000000
0.644531 10.000000 10.000000
0.644965 10.000000 10.000000
0.645399 10.000000 10.000000
0.645833 10.000000 10.000000
0.646267 10.000000 10.000000
0.646701 10.000000 10.000000
0.647135 10.000000 10.000000
0.647569 10.000000 10.000000
0.648003 10.000000 10.000000
0.648438 10.000000 10.000000
0.648872 10.000000 10.000000
0.649306 10.000000 10.000000
0.649740 10.000000 10.000000
0.650174 10.000000 10.000000
0.650608 10.000000 10.000000
0.651042 10.000000 10.000000
0.651476 10.000000 10.000000
0.651910 10.000000 10.000000
0.652344 10.000000 10.000000
0.652778 10.000000 10.000000
0.653212 10.000000 10.000000
0.653646 10.000000 10.000000
0.654080 10.000000 10.000000
0.654514 10.000000 10.000000
0.654948 10.000000 10.000000
0.655382 10.000000 10.000000
0.655816 10.000000 10.000000
0.656250 10.000000 10.000000
0.656684 10.000000 10.000000
0.657118 10.000000 10.000000
0.657552 10.000000 10.000000
0.657986 10.000000 10.000000
0.658420 10.000000 10.000000
0.658854 10.000000 10.000000
0.659288 10.000000 10.000000
0.659722 10.000000 10.000000
0.660156 10.000000 10.000000
0.660590 10.000000 10.000000
0.661024 10.000000 10.000000
0.661458 10.000000 10.000000
0.661892 10.000000 10.000000
0.662326 10.000000 10.000000
0.662760 10.000000 10.000000
0.663194 10.000000 10.000000
0.663628 10.000000 10.000000
0.664062 10.000000 10.000000
0.664497 10.000000 10.000000
0.664931 10.000000 10.000000
0.665365 10.000000 10.000000
0.665799 10.000000 10.000000
0.666233 10.000000 10.000000
0.666667 10.000000 10.000000
0.667101 10.000000 10.000000
0.667535 10.000000 10.000000
0.667969 10.000000 10.000000
0.668403 10.000000 10.000000
0.668837 10.000000 10.000000
0.669271 10.000000 10.000000
0.669705 10.000000 10.000000
0.670139 10.000000 10.000000
0.670573 10.000000 10.000000
0.671007 10.000000 10.000000
0.671441 10.000000 10.000000
0.671875 10.000000 10.000000
0.672309 10.000000 10.000000
0.672743 10.000000 10.000000
0.673177 10.000000 10.000000
0.673611 10.000000 10.000000
0.674045 10.000000 10.000000
0.674479 10.000000 10.000000
0.674913 10.000000 10.000000
0.675347 10.000000 10.000000
0.675781 10.000000 10.000000
0.676215 10.000000 10.000000
0.676649 10.000000 10.000000
0.677083 10.000000 10.000000
0.677517 10.000000 10.000000
0.677951 10.000000 10.000000
0.678385 10.000000 10.000000
0.678819 10.000000 10.000000
0.679253 10.000000 10.000000
0.679688 10.000000 10.000000
0.680122 10.000000 10.000000
0.680556 10.000000 10.000000
0.680990 10.000000 10.000000
0.681424 10.000000 10.000000
0.681858 10.000000 10.000000
0.682292 10.000000 10.000000
0.682726 10.000000 10.000000
0.683160 10.000000 10.000000
0.683594 10.000000 10.000000
0.684028 10.000000 10.000000
0.684462 10.000000 10.000000
0.684896 10.000000 10.000000
0.685330 10.000000 10.000000
0.685764 10.000000 10.000000
0.686198 10.000000 10.000000
0.686632 10.000000 10.000000
0.687066 10.000000 10.000000
0.687500 10.000000 10.000000
0.687934 10.000000 10.000000
0.688368 10.000000 10.000000
0.688802 10.000000 10.000000
0.689236 10.000000 10.000000
0.689670 10.000000 10.000000
0.690104 10.000000 10.000000
0.690538 10.000000 10.000000
0.690972 10.000000 10.000000
0.691406 10.000000 10.000000
0.691840 10.000000 10.000000
0.692274 10.000000 10.000000
0.692708 10.000000 10.000000
0.693142 10.000000 10.000000
0.693576 10.000000 10.000000
0.694010 10.000000 10.000000
0.694444 10.000000 10.000000
0.694878 10.000000 10.000000
0.695312 10.000000 10.000000
0.695747 10.000000 10.000000
0.696181 10.000000 10.000000
0.696615 10.000000 10.000000
0.697049 10.000000 10.000000
0.697483 10.000000 10.000000
0.697917 10.000000 10.000000
0.698351 10.000000 10.000000
0.698785 10.000000 10.000000
0.699219 10.000000 10.000000
0.699653 10.000000 10.000000
0.700087 10.000000 10.000000
0.700521 10.000000 10.000000
0.700955 10.000000 10.000000
0.701389 10.000000 10.000000
0.701823 10.000000 10.000000
0.702257 10.000000 10.000000
0.702691 10.000000 10.000000
0.703125 10.000000 10.000000
0.703559 10.000000 10.000000
0.703993 10.000000 10.000000
0.704427 10.000000 10.000000
0.704861 10.000000 10.000000
0.705295 10.000000 10.000000
0.705729 10.000000 10.000000
0.706163 10.000000 10.000000
0.706597 10.000000 10.000000
0.707031 10.000000 10.000000
0.707465 10.000000 10.000000
0.707899 10.000000 10.000000
0.708333 10.000000 10.000000
0.708767 10.000000 10.000000
0.709201 10.000000 10.000000
0.709635 10.000000 10.000000
0.710069 10.000000 10.000000
0.710503 10.000000 10.000000
0.710938 10.000000 10.000000
0.711372 10.000000 10.000000
0.711806 10.000000 10.000000
0.712240 10.000000 10.000000
0.712674 10.000000 10.000000
0.713108 10.000000 10.000000
0.713542 10.000000 10.000000
0.713976 10.000000 10.000000
0.714410 10.000000 10.000000
0.714844 10.000000 10.000000
0.715278 10.000000 10.000000
0.715712 10.000000 10.000000
0.716146 10.000000 10.000000
0.716580 10.000000 10.000000
0.717014 10.000000 10.000000
0.717448 10.000000 10.000000
0.717882 10.000000 10.000000
0.718316 10.000000 10.000000
0.718750 10.000000 10.000000
0.719184 10.000000 10.000000
0.719618 10.000000 10.000000
0.720052 10.000000 10.000000
0.720486 10.000000 10.000000
0.720920 10.000000 10.000000
0.721354 10.000000 10.000000
0.721788 10.000000 10.000000
0.722222 10.000000 10.000000
0.722656 10.000000 10.000000
0.723090 10.000000 10.000000
0.723524 10.000000 10.000000
0.723958 10.000000 10.000000
0.724392 10.000000 10.000000
0.724826 10.000000 10.000000
0.725260 10.000000 10.000000
0.725694 10.000000 10.000000
0.726128 10.000000 10.000000
0.726562 10.000000 10.000000
0.726997 10.000000 10.000000
0.727431 10.000000 10.000000
0.727865 10.000000 10.000000
0.728299 10.000000 10.000000
0.728733 10.000000 10.000000
0.729167 10.000000 10.000000
0.729601 10.000000 10.000000
0.730035 10.000000 10.000000
0.730469 10.000000 10.000000
0.730903 10.000000 10.000000
0.731337 10.000000 10.000000
0.731771 10.000000 10.000000
0.732205 10.000000 10.000000
0.732639 10.000000 10.000000
0.733073 10.000000 10.000000
0.733507 10.000000 10.000000
0.733941 10.000000 10.000000
0.734375 10.000000 10.000000
0.734809 10.000000 10.000000
0.735243 10.000000 10.000000
0.735677 10.000000 10.000000
0.736111 10.000000 10.000000
0.736545 10.000000 10.000000
0.736979 10.000000 10.000000
0.737413 10.000000 10.000000
0.737847 10.000000 10.000000
0.738281 10.000000 10.000000
0.738715 10.000000 10.000000
0.739149 10.000000 10.000000
0.739583 10.000000 10.000000
0.740017 10.000000 10.000000
0.740451 10.000000 10.000000
0.740885 10.000000 10.000000
0.741319 10.000000 10.000000
0.741753 10.000000 10.000000
0.742188 10.000000 10.000000
0.742622 10.000000 10.000000
0.743056 10.000000 10.000000
0.743490 10.000000 10.000000
0.743924 10.000000 10.000000
0.744358 10.000000 10.000000
0.744792 10.000000 10.000000
0.745226 10.000000 10.000000
0.745660 10.000000 10.000000
0.746094 10.000000 10.000000
0.746528 10.000000 10.000000
0.746962 10.000000 10.000000
0.747396 10.000000 10.000000
0.747830 10.000000 10.000000
0.748264 10.000000 10.000000
0.748698 10.000000 10.000000
0.749132 10.000000 10.000000
0.749566 10.000000 10.000000
0.750000 10.000000 10.000000
0.750434 10.000000 10.000000
0.750868 10.000000 10.000000
0.751302 10.000000 10.000000
0.751736 10.000000 10.000000
0.752170 10.000000 10.000000
0.752604 10.000000 10.000000
0.753038 10.000000 10.000000
0.753472 10.000000 10.000000
0.753906 10.000000 10.000000
0.754340 10.000000 10.000000
0.754774 10.000000 10.000000
0.755208 10.000000 10.000000
0.755642 10.000000 10.000000
0.756076 10.000000 10.000000
0.756510 10.000000 10.000000
0.756944 10.000000 10.000000
0.757378 10.000000 10.000000
0.757812 10.000000 10.000000
0.758247 10.000000 10.000000
0.758681 10.000000 10.000000
0.759115 10.000000 10.000000
0.759549 10.000000 10.000000
0.759983 10.000000 10.000000
0.760417 10.000000 10.000000
0.760851 10.000000 10.000000
0.761285 10.000000 10.000000
0.761719 10.000000 10.000000
0.762153 10.000000 10.000000
0.762587 10.000000 10.000000
0.763021 10.000000 10.000000
0.763455 10.000000 10.000000
0.763889 10.000000 10.000000
0.764323 10.000000 10.000000
0.764757 10.000000 10.000000
0.765191 10.000000 10.000000
0.765625 10.000000 10.000000
0.766059 10.000000 10.000000
0.766493 10.000000 10.000000
0.766927 10.000000 10.000000
0.767361 10.000000 10.000000
0.767795 10.000000 10.000000
0.768229 10.000000 10.000000
0.768663 10.000000 10.000000
0.769097 10.000000 10.000000
0.769531 10.000000 10.000000
0.769965 10.000000 10.000000
0.770399 10.000000 10.000000
0.770833 10.000000 10.000000
0.771267 10.000000 10.000000
0.771701 10.000000 10.000000
0.772135 10.000000 10.000000
0.772569 10.000000 10.000000
0.773003 10.000000 10.000000
0.773438 10.000000 10.000000
0.773872 10.000000 10.000000
0.774306 10.000000 10.000000
0.774740 10.000000 10.000000
0.775174 10.000000 10.000000
0.775608 10.000000 10.000000
0.776042 10.000000 10.000000
0.776476 10.000000 10.000000
0.776910 10.000000 10.000000
0.777344 10.000000 10.000000
0.777778 10.000000 10.000000
0.778212 10.000000 10.000000
0.778646 10.000000 10.000000
0.779080 10.000000 10.000000
0.779514 10.000000 10.000000
0.779948 10.000000 10.000000
0.780382 10.000000 10.000000
0.780816 10.000000 10.000000
0.781250 10.000000 10.000000
0.781684 10.000000 10.000000
0.782118 10.000000 10.000000
0.782552 10.000000 10.000000
0.782986 10.000000 10.000000
0.783420 10.000000 10.000000
0.783854 10.000000 10.000000
0.784288 10.000000 10.000000
0.784722 10.000000 10.000000
0.785156 10.000000 10.000000
0.785590 10.000000 10.000000
0.786024 10.000000 10.000000
0.786458 10.000000 10.000000
0.786892 10.000000 10.000000
0.787326 10.000000 10.000000
0.787760 10.000000 10.000000
0.788194 10.000000 10.000000
0.788628 10.000000 10.000000
0.789062 10.000000 10.000000
0.789497 10.000000 10.000000
0.789931 10.000000 10.000000
0.790365 10.000000 10.000000
0.790799 10.000000 10.000000
0.791233 10.000000 10.000000
0.791667 10.000000 10.000000
0.792101 10.000000 10.000000
0.792535 10.000000 10.000000
0.792969 10.000000 10.000000
0.793403 10.000000 10.000000
0.793837 10.000000 10.000000
0.794271 10.000000 10.000000
0.794705 10.000000 10.000000
0.795139 10.000000 10.000000
0.795573 10.000000 10.000000
0.796007 10.000000 10.000000
0.796441 10.000000 10.000000
0.796875 10.000000 10.000000
0.797309 10.000000 10.000000
0.797743 10.000000 10.000000
0.798177 10.000000 10.000000
0.798611 10.000000 10.000000
0.799045 10.000000 10.000000
0.799479 10.000000 10.000000
0.799913 10.000000 10.000000
0.800347 10.000000 10.000000
0.800781 10.000000 10.000000
0.801215 10.000000 10.000000
0.801649 10.000000 10.000000
0.802083 10.000000 10.000000
0.802517 10.000000 10.000000
0.802951 10.000000 10.000000
0.803385 10.000000 10.000000
0.803819 10.000000 10.000000
0.804253 10.000000 10.000000
0.804688 10.000000 10.000000
0.805122 10.000000 10.000000
0.805556 10.000000 10.000000
0.805990 10.000000 10.000000
0.806424 10.000000 10.000000
0.806858 10.000000 10.000000
0.807292 10.000000 10.000000
0.807726 10.000000 10.000000
0.808160 10.000000 10.000000
0.808594 10.000000 10.000000
0.809028 10.000000 10.000000
0.809462 10.000000 10.000000
0.809896 10.000000 10.000000
0.810330 10.000000 10.000000
0.810764 10.000000 10.000000
0.811198 10.000000 10.000000
0.811632 10.000000 10.000000
0.812066 10.000000 10.000000
0.812500 10.000000 10.000000
0.812934 10.000000 10.000000
0.813368 10.000000 10.000000
0.813802 10.000000 10.000000
0.814236 10.000000 10.000000
0.814670 10.000000 10.000000
0.815104 10.000000 10.000000
0.815538 10.000000 10.000000
0.815972 10.000000 10.000000
0.816406 10.000000 10.000000
0.816840 10.000000 10.000000
0.817274 10.000000 10.000000
0.817708 10.000000 10.000000
0.818142 10.000000 10.000000
0.818576 10.000000 10.000000
0.819010 10.000000 10.000000
0.819444 10.000000 10.000000
0.819878 10.000000 10.000000
0.820312 10.000000 10.000000
0.820747 10.000000 10.000000
0.821181 10.000000 10.000000
0.821615 10.000000 10.000000
0.822049 10.000000 10.000000
0.822483 10.000000 10.000000
0.822917 10.000000 10.000000
0.823351 10.000000 10.000000
0.823785 10.000000 10.000000
0.824219 10.000000 10.000000
0.824653 10.000000 10.000000
0.825087 10.000000 10.000000
0.825521 10.000000 10.000000
0.825955 10.000000 10.000000
0.826389 10.000000 10.000000
0.826823 10.000000 10.000000
0.827257 10.000000 10.000000
0.827691 10.000000 10.000000
0.828125 10.000000 10.000000
0.828559 10.000000 10.000000
0.828993 10.000000 10.000000
0.829427 10.000000 10.000000
0.829861 10.000000 10.000000
0.830295 10.000000 10.000000
0.830729 10.000000 10.000000
0.831163 10.000000 10.000000
0.831597 10.000000 10.000000
0.832031 10.000000 10.000000
0.832465 10.000000 10.000000
0.832899 10.000000 10.000000
0.833333 10.000000 10.000000
0.833767 10.000000 10.000000
0.834201 10.000000 10.000000
0.834635 10.000000 10.000000
0.835069 10.000000 10.000000
0.835503 10.000000 10.000000
0.835938 10.000000 10.000000
0.836372 10.000000 10.000000
0.836806 10.000000 10.000000
0.837240 10.000000 10.000000
0.837674 10.000000 10.000000
0.838108 10.000000 10.000000
0.838542 10.000000 10.000000
0.838976 10.000000 10.000000
0.839410 10.000000 10.000000
0.839844 10.000000 10.000000
0.840278 10.000000 10.000000
0.840712 10.000000 10.000000
0.841146 10.000000 10.000000
0.841580 10.000000 10.000000
0.842014 10.000000 10.000000
0.842448 10.000000 10.000000
0.842882 10.000000 10.000000
0.843316 10.000000 10.000000
0.843750 10.000000 10.000000
0.844184 10.000000 10.000000
0.844618 10.000000 10.000000
0.845052 10.000000 10.000000
0.845486 10.000000 10.000000
0.845920 10.000000 10.000000
0.846354 10.000000 10.000000
0.846788 10.000000 10.000000
0.847222 10.000000 10.000000
0.847656 10.000000 10.000000
0.848090 10.000000 10.000000
0.848524 10.000000 10.000000
0.848958 10.000000 10.000000
0.849392 10.000000 10.000000
0.849826 10.000000 10.000000
0.850260 10.000000 10.000000
0.850694 10.000000 10.000000
0.851128 10.000000 10.000000
0.851562 10.000000 10.000000
0.851997 10.000000 10.000000
0.852431 10.000000 10.000000
0.852865 10.000000 10.000000
0.853299 10.000000 10.000000
0.853733 10.000000 10.000000
0.854167 10.000000 10.000000
0.854601 10.000000 10.000000
0.855035 10.000000 10.000000
0.855469 10.000000 10.000000
0.855903 10.000000 10.000000
0.856337 10.000000 10.000000
0.856771 10.000000 10.000000
0.857205 10.000000 10.000000
0.857639 10.000000 10.000000
0.858073 10.000000 10.000000
0.858507 10.000000 10.000000
0.858941 10.000000 10.000000
0.859375 10.000000 10.000000
0.859809 10.000000 10.000000
0.860243 10.000000 10.000000
0.860677 10.000000 10.000000
0.861111 10.000000 10.000000
0.861545 10.000000 10.000000
0.861979 10.000000 10.000000
0.862413 10.000000 10.000000
0.862847 10.000000 10.000000
0.863281 10.000000 10.000000
0.863715 10.000000 10.000000
0.864149 10.000000 10.000000
0.864583 10.000000 10.000000
0.865017 10.000000 10.000000
0.865451 10.000000 10.000000
0.865885 10.000000 10.000000
0.866319 10.000000 10.000000
0.866753 10.000000 10.000000
0.867188 10.000000 10.000000
0.867622 10.000000 10.000000
0.868056 10.000000 10.000000
0.868490 10.000000 10.000000
0.868924 10.000000 10.000000
0.869358 10.000000 10.000000
0.869792 10.000000 10.000000
0.870226 10.000000 10.000000
0.870660 10.000000 10.000000
0.871094 10.000000 10.000000
0.871528 10.000000 10.000000
0.871962 10.000000 10.000000
0.872396 10.000000 10.000000
0.872830 10.000000 10.000000
0.873264 10.000000 10.000000
0.873698 10.000000 10.000000
0.874132 10.000000 10.000000
0.874566 10.000000 10.000000
0.875000 10.000000 10.000000
0.875434 10.000000 10.000000
0.875868 10.000000 10.000000
0.876302 10.000000 10.000000
0.876736 10.000000 10.000000
0.877170 10.000000 10.000000
0.877604 10.000000 10.000000
0.878038 10.000000 10.000000
0.878472 10.000000 10.000000
0.878906 10.000000 10.000000
0.879340 10.000000 10.000000
0.879774 10.000000 10.000000
0.880208 10.000000 10.000000
0.880642 10.000000 10.000000
0.881076 10.000000 10.000000
0.881510 10.000000 10.000000
0.881944 10.000000 10.000000
0.882378 10.000000 10.000000
0.882812 10.000000 10.000000
0.883247 10.000000 10.000000
0.883681 10.000000 10.000000
0.884115 10.000000 10.000000
0.884549 10.000000 10.000000
0.884983 10.000000 10.000000
0.885417 10.000000 10.000000
0.885851 10.000000 10.000000
0.886285 10.000000 10.000000
0.886719 10.000000 10.000000
0.887153 10.000000 10.000000
0.887587 10.000000 10.000000
0.888021 10.000000 10.000000
0.888455 10.000000 10.000000
0.888889 10.000000 10.000000
0.889323 10.000000 10.000000
0.889757 10.000000 10.000000
0.890191 10.000000 10.000000
0.890625 10.000000 10.000000
0.891059 10.000000 10.000000
0.891493 10.000000 10.000000
0.891927 10.000000 10.000000
0.892361 10.000000 10.000000
0.892795 10.000000 10.000000
0.893229 10.000000 10.000000
0.893663 10.000000 10.000000
0.894097 10.000000 10.000000
0.894531 10.000000 10.000000
0.894965 10.000000 10.000000
0.895399 10.000000 10.000000
0.895833 10.000000 10.000000
0.896267 10.000000 10.000000
0.896701 10.000000 10.000000
0.897135 10.000000 10.000000
0.897569 10.000000 10.000000
0.898003 10.000000 10.000000
0.898438 10.000000 10.000000
0.898872 10.000000 10.000000
0.899306 10.000000 10.000000
0.899740 10.000000 10.000000
0.900174 10.000000 10.000000
0.900608 10.000000 10.000000
0.901042 10.000000 10.000000
0.901476 10.000000 10.000000
0.901910 10.000000 10.000000
0.902344 10.000000 10.000000
0.902778 10.000000 10.000000
0.903212 10.000000 10.000000
0.903646 10.000000 10.000000
0.904080 10.000000 10.000000
0.904514 10.000000 10.000000
0.904948 10.000000 10.000000
0.905382 10.000000 10.000000
0.905816 10.000000 10.000000
0.906250 10.000000 10.000000
0.906684 10.000000 10.000000
0.907118 10.000000 10.000000
0.907552 10.000000 10.000000
0.907986 10.000000 10.000000
0.908420 10.000000 10.000000
0.908854 10.000000 10.000000
0.909288 10.000000 10.000000
0.909722 10.000000 10.000000
0.910156 10.000000 10.000000
0.910590 10.000000 10.000000
0.911024 10.000000 10.000000
0.911458 10.000000 10.000000
0.911892 10.000000 10.000000
0.912326 10.000000 10.000000
0.912760 10.000000 10.000000
0.913194 10.000000 10.000000
0.913628 10.000000 10.000000
0.914062 10.000000 10.000000
0.914497 10.000000 10.000000
0.914931 10.000000 10.000000
0.915365 10.000000 10.000000
0.915799 10.000000 10.000000
0.916233 10.000000 10.000000
0.916667 10.000000 10.000000
0.917101 10.000000 10.000000
0.917535 10.000000 10.000000
0.917969 10.000000 10.000000
0.918403 10.000000 10.000000
0.918837 10.000000 10.000000
0.919271 10.000000 10.000000
0.919705 10.000000 10.000000
0.920139 10.000000 10.000000
0.920573 10.000000 10.000000
0.921007 10.000000 10.000000
0.921441 10.000000 10.000000
0.921875 10.000000 10.000000
0.922309 10.000000 10.000000
0.922743 10.000000 10.000000
0.923177 10.000000 10.000000
0.923611 10.000000 10.000000
0.924045 10.000000 10.000000
0.924479 10.000000 10.000000
0.924913 10.000000 10.000000
0.925347 10.000000 10.000000
0.925781 10.000000 10.000000
0.926215 10.000000 10.000000
0.926649 10.000000 10.000000
0.927083 10.000000 10.000000
0.927517 10.000000 10.000000
0.927951 10.000000 10.000000
0.928385 10.000000 10.000000
0.928819 10.000000 10.000000
0.929253 10.000000 10.000000
0.929688 10.000000 10.000000
0.930122 10.000000 10.000000
0.930556 10.000000 10.000000
0.930990 10.000000 10.000000
0.931424 10.000000 10.000000
0.931858 10.000000 10.000000
0.932292 10.000000 10.000000
0.932726 10.000000 10.000000
0.933160 10.000000 10.000000
0.933594 10.000000 10.000000
0.934028 10.000000 10.000000
0.934462 10.000000 10.000000
0.934896 10.000000 10.000000
0.935330 10.000000 10.000000
0.935764 10.000000 10.000000
0.936198 10.000000 10.000000
0.936632 10.000000 10.000000
0.937066 10.000000 10.000000
0.937500 10.000000 10.000000
0.937934 10.000000 10.000000
0.938368 10.000000 10.000000
0.938802 10.000000 10.000000
0.939236 10.000000 10.000000
0.939670 10.000000 10.000000
0.940104 10.000000 10.000000
0.940538 10.000000 10.000000
0.940972 10.000000 10.000000
0.941406 10.000000 10.000000
0.941840 10.000000 10.000000
0.942274 10.000000 10.000000
0.942708 10.000000 10.000000
0.943142 10.000000 10.000000
0.943576 10.000000 10.000000
0.944010 10.000000 10.000000
0.944444 10.000000 10.000000
0.944878 10.000000 10.000000
0.945312 10.000000 10.000000
0.945747 10.000000 10.000000
0.946181 10.000000 10.000000
0.946615 10.000000 10.000000
0.947049 10.000000 10.000000
0.947483 10.000000 10.000000
0.947917 10.000000 10.000000
0.948351 10.000000 10.000000
0.948785 10.000000 10.000000
0.949219 10.000000 10.000000
0.949653 10.000000 10.000000
0.950087 10.000000 10.000000
0.950521 10.000000 10.000000
0.950955 10.000000 10.000000
0.951389 10.000000 10.000000
0.951823 10.000000 10.000000
0.952257 10.000000 10.000000
0.952691 10.000000 10.000000
0.953125 10.000000 10.000000
0.953559 10.000000 10.000000
0.953993 10.000000 10.000000
0.954427 10.000000 10.000000
0.954861 10.000000 10.000000
0.955295 10.000000 10.000000
0.955729 10.000000 10.000000
0.956163 10.000000 10.000000
0.956597 10.000000 10.000000
0.957031 10.000000 10.000000
0.957465 10.000000 10.000000
0.957899 10.000000 10.000000
0.958333 10.000000 10.000000
0.958767 10.000000 10.000000
0.959201 10.000000 10.000000
0.959635 10.000000 10.000000
0.960069 10.000000 10.000000
0.960503 10.000000 10.000000
0.960938 10.000000 10.000000
0.961372 10.000000 10.000000
0.961806 10.000000 10.000000
0.962240 10.000000 10.000000
0.962674 10.000000 10.000000
0.963108 10.000000 10.000000
0.963542 10.000000 10.000000
0.963976 10.000000 10.000000
0.964410 10.000000 10.000000
0.964844 10.000000 10.000000
0.965278 10.000000 10.000000
0.965712 10.000000 10.000000
0.966146 10.000000 10.000000
0.966580 10.000000 10.000000
0.967014 10.000000 10.000000
0.967448 10.000000 10.000000
0.967882 10.000000 10.000000
0.968316 10.000000 10.000000
0.968750 10.000000 10.000000
0.969184 10.000000 10.000000
0.969618 10.000000 10.000000
0.970052 10.000000 10.000000
0.970486 10.000000 10.000000
0.970920 10.000000 10.000000
0.971354 10.000000 10.000000
0.971788 10.000000 10.000000
0.972222 10.000000 10.000000
0.972656 10.000000 10.000000
0.973090 10.000000 10.000000
0.973524 10.000000 10.000000
0.973958 10.000000 10.000000
0.974392 10.000000 10.000000
0.974826 10.000000 10.000000
0.975260 10.000000 10.000000
0.975694 10.000000 10.000000
0.976128 10.000000 10.000000
0.976562 10.000000 10.000000
0.976997 10.000000 10.000000
0.977431 10.000000 10.000000
0.977865 10.000000 10.000000
0.978299 10.000000 10.000000
0.978733 10.000000 10.000000
0.979167 10.000000 10.000000
0.979601 10.000000 10.000000
0.980035 10.000000 10.000000
0.980469 10.000000 10.000000
0.980903 10.000000 10.000000
0.981337 10.000000 10.000000
0.981771 10.000000 10.000000
0.982205 10.000000 10.000000
0.982639 10.000000 10.000000
0.983073 10.000000 10.000000
0.983507 10.000000 10.000000
0.983941 10.000000 10.000000
0.984375 10.000000 10.000000
0.984809 10.000000 10.000000
0.985243 10.000000 10.000000
0.985677 10.000000 10.000000
0.986111 10.000000 10.000000
0.986545 10.000000 10.000000
0.986979 10.000000 10.000000
0.987413 10.000000 10.000000
0.987847 10.000000 10.000000
0.988281 10.000000 10.000000
0.988715 10.000000 10.000000
0.989149 10.000000 10.000000
0.989583 10.000000 10.000000
0.990017 10.000000 10.000000
0.990451 10.000000 10.000000
0.990885 10.000000 10.000000
0.991319 10.000000 10.000000
0.991753 10.000000 10.000000
0.992188 10.000000 10.000000
0.992622 10.000000 10.000000
0.993056 10.000000 10.000000
0.993490 10.000000 10.000000
0.993924 10.000000 10.000000
0.994358 10.000000 10.000000
0.994792 10.000000 10.000000
0.995226 10.000000 10.000000
0.995660 10.000000 10.000000
0.996094 10.000000 10.000000
0.996528 10.000000 10.000000
0.996962 10.000000 10.000000
0.997396 10.000000 10.000000
0.997830 10.000000 10.000000
0.998264 10.000000 10.000000
0.998698 10.000000 10.000000
0.999132 10.000000 10.000000
0.999566 10.000000 10.000000
1.000000 10.000000 10.000000
1.000434 20.000000 20.000000
