0.000276
0.000270
0.000257
0.000262
0.000254
0.000260
0.000260
0.000300
0.000297
0.000300
0.000261
0.000262
0.000262
0.000261
0.000261
0.000267
0.000259
0.000260
0.000261
0.000261
0.000262
0.000256
0.000265
0.000265
0.000264
0.000266
0.000261
0.000265
0.000275
0.000265
0.000256
0.000256
0.000257
0.000282
0.000268
0.000255
0.000266
0.000258
0.000256
0.000257
0.000256
0.000256
0.000257
0.000266
0.000266
0.000267
0.000254
0.000267
0.000264
0.000265
0.000266
0.000265
0.000262
0.000256
0.000258
0.000274
0.000270
0.000256
0.000267
0.000298
0.000305
0.000263
0.000263
0.000258
0.000259
0.000256
0.000268
0.000258
0.000267
0.000256
0.000264
0.000266
0.000267
0.000255
0.000273
0.000258
0.000266
0.000266
0.000267
0.000255
0.000257
0.000254
0.000255
0.000256
0.000255
0.000255
0.000257
0.000256
0.000254
0.000254
0.000256
0.000257
0.000258
0.000257
0.000267
0.000264
0.000273
0.000267
0.000256
0.000266
0.000258
0.000265
0.000273
0.000294
0.000294
0.000257
0.000254
0.000258
0.000257
0.000255
0.000258
0.000257
0.000259
0.000257
0.000258
0.000257
0.000257
0.000260
0.000261
0.000257
0.000264
0.000257
0.000262
0.000257
0.000266
0.000256
0.000259
0.000257
0.000267
0.000256
0.000256
0.000267
0.000257
0.000257
0.000278
0.000261
0.000261
0.000255
0.000260
0.000255
0.000255
0.000253
0.000254
0.000257
0.000255
0.000253
0.000253
0.000258
0.000254
0.000255
0.000264
0.000293
0.000292
0.000260
0.000262
0.000264
0.000261
0.000260
0.000263
0.000262
0.000262
0.000261
0.000255
0.000288
0.000265
0.000293
0.000258
0.000264
0.000263
0.000266
0.000265
0.000256
0.000263
0.000274
0.000258
0.000255
0.000260
0.000256
0.000262
0.000262
0.000264
0.000255
0.000262
0.000266
0.000268
0.000266
0.000273
0.000256
0.000256
0.000258
0.000265
0.000264
0.000272
0.000257
0.000255
0.000265
0.000261
0.000265
0.000256
0.000265
0.000262
0.000258
0.000258
0.000258
0.000256
0.000256
0.000256
0.000253
0.000260
0.000265
0.000263
0.000263
0.000260
0.000258
0.000260
0.000257
0.000270
0.000266
0.000261
0.000265
0.000267
0.000264
0.000270
0.000265
0.000262
0.000264
0.000255
0.000266
0.000268
0.000258
0.000271
0.000263
0.000268
0.000266
0.000273
0.000267
0.000271
0.000264
0.000261
0.000266
0.000265
0.000265
0.000268
0.000265
0.000269
0.000264
0.000269
0.000256
0.000270
0.000264
0.000256
0.000265
0.000266
0.000266
0.000270
0.000260
0.000269
0.000255
0.000262
0.000262
0.000264
0.000264
0.000256
0.000257
0.000271
0.000264
0.000271
0.000265
0.000270
0.000259
0.000255
0.000257
0.000272
0.000262
0.000260
0.000267
0.000259
0.000264
0.000268
0.000261
0.000268
0.000260
0.000260
0.000263
0.000261
0.000260
0.000262
0.000270
0.000261
0.000271
0.000262
0.000260
0.000260
0.000261
0.000260
0.000255
0.000259
0.000268
0.000261
0.000260
0.000261
0.000260
0.000267
0.000259
0.000262
0.000264
0.000262
0.000257
0.000262
0.000256
0.000259
0.000260
0.000265
0.000260
0.000260
0.000261
0.000259
0.000259
0.000267
0.000259
0.000262
0.000258
0.000269
0.000258
0.000261
0.000259
0.000258
0.000259
0.000269
0.000266
0.000263
0.000267
0.000259
0.000263
0.000258
0.000262
0.000259
0.000259
0.000259
0.000265
0.000269
0.000257
0.000268
0.000260
0.000264
0.000259
0.000267
0.000261
0.000258
0.000263
0.000265
0.000268
0.000263
0.000270
0.000260
0.000267
0.000261
0.000263
0.000262
0.000266
0.000260
0.000269
0.000260
0.000265
0.000260
0.000260
0.000271
0.000262
0.000272
0.000264
0.000271
0.000263
0.000262
0.000257
0.000263
0.000264
0.000269
0.000261
0.000259
0.000260
0.000266
0.000265
0.000260
0.000260
0.000263
0.000267
0.000269
0.000261
0.000261
0.000261
0.000259
0.000265
0.000259
0.000257
0.000259
0.000260
0.000258
0.000260
0.000267
0.000259
0.000266
0.000259
0.000259
0.000259
0.000267
0.000260
0.000259
0.000261
0.000269
0.000263
0.000259
0.000265
0.000267
0.000270
0.000261
0.000267
0.000259
0.000265
0.000266
0.000258
0.000260
0.000262
0.000259
0.000259
0.000260
0.000260
0.000258
0.000266
0.000259
0.000266
0.000259
0.000268
0.000261
0.000261
0.000258
0.000259
0.000257
0.000265
0.000260
0.000268
0.000257
0.000263
0.000259
0.000262
0.000260
0.000265
0.000258
0.000258
0.000261
0.000258
0.000258
0.000267
0.000260
0.000268
0.000262
0.000259
0.000261
0.000260
0.000262
0.000261
0.000264
0.000257
0.000261
0.000270
0.000262
0.000262
0.000262
0.000259
0.000255
0.000260
0.000259
0.000261
0.000260
0.000261
0.000262
0.000260
0.000260
0.000261
0.000261
0.000255
0.000264
0.000255
0.000254
0.000261
0.000262
0.000261
0.000263
0.000261
0.000261
0.000260
0.000260
0.000261
0.000258
0.000260
0.000259
0.000258
0.000257
0.000269
0.000260
0.000258
0.000257
0.000256
0.000259
0.000268
0.000267
0.000258
0.000267
0.000267
0.000258
0.000266
0.000262
0.000262
0.000264
0.000258
0.000259
0.000267
0.000259
0.000267
0.000259
0.000266
0.000260
0.000266
0.000259
0.000264
0.000269
0.000265
0.000258
0.000267
0.000258
0.000265
0.000260
0.000258
0.000258
0.000261
0.000260
0.000263
0.000259
0.000257
0.000258
0.000259
0.000260
0.000262
0.000257
0.000256
0.000256
0.000270
0.000259
0.000257
0.000259
0.000266
0.000270
0.000266
0.000257
0.000257
0.000260
0.000265
0.000259
0.000267
0.000258
0.000265
0.000254
0.000256
0.000259
0.000268
0.000258
0.000267
0.000259
0.000265
0.000257
0.000265
0.000259
0.000265
0.000261
0.000266
0.000258
0.000263
0.000264
0.000257
0.000259
0.000266
0.000258
0.000257
0.000258
0.000266
0.000260
0.000266
0.000257
0.000265
0.000259
0.000266
0.000260
0.000265
0.000258
0.000267
0.000258
0.000265
0.000258
0.000265
0.000258
0.000258
0.000259
0.000266
0.000258
0.000258
0.000258
0.000258
0.000260
0.000260
0.000258
0.000298
0.000298
0.000261
0.000257
0.000258
0.000256
0.000257
0.000257
0.000265
0.000260
0.000262
0.000256
0.000257
0.000259
0.000264
0.000258
0.000261
0.000257
0.000260
0.000256
0.000260
0.000258
0.000255
0.000254
0.000262
0.000258
0.000257
0.000257
0.000257
0.000262
0.000262
0.000259
0.000261
0.000260
0.000260
0.000260
0.000265
0.000260
0.000261
0.000259
0.000260
0.000259
0.000261
0.000259
0.000260
0.000257
0.000260
0.000259
0.000260
0.000256
0.000257
0.000257
0.000255
0.000255
0.000263
0.000258
0.000255
0.000257
0.000257
0.000254
0.000255
0.000255
0.000258
0.000268
0.000256
0.000256
0.000254
0.000265
0.000256
0.000255
0.000255
0.000255
0.000254
0.000256
0.000260
0.000254
0.000255
0.000264
0.000255
0.000255
0.000294
0.000255
0.000255
0.000262
0.000257
0.000269
0.000255
0.000255
0.000258
0.000266
0.000267
0.000267
0.000268
0.000267
0.000268
0.000267
0.000268
0.000268
0.000268
0.000267
0.000258
0.000267
0.000269
0.000268
0.000259
0.000265
0.000265
0.000264
0.000253
0.000264
0.000265
0.000266
0.000259
0.000266
0.000260
0.000265
0.000267
0.000265
0.000266
0.000267
0.000267
0.000257
0.000267
0.000266
0.000259
0.000256
0.000259
0.000268
0.000268
0.000267
0.000256
0.000266
0.000266
0.000256
0.000266
0.000267
0.000257
0.000264
0.000266
0.000257
0.000266
0.000266
0.000265
0.000265
0.000265
0.000256
0.000268
0.000267
0.000265
0.000267
0.000267
0.000266
0.000265
0.000267
0.000266
0.000273
0.000264
0.000268
0.000266
0.000262
0.000257
0.000263
0.000265
0.000268
0.000268
0.000260
0.000259
0.000259
0.000261
0.000260
0.000262
0.000258
0.000258
0.000260
0.000255
0.000262
0.000263
0.000260
0.000262
0.000259
0.000265
0.000259
0.000263
0.000258
0.000260
0.000271
0.000264
0.000271
0.000264
0.000265
0.000264
0.000261
0.000265
0.000259
0.000260
0.000260
0.000263
0.000260
0.000267
0.000262
0.000264
0.000259
0.000257
0.000259
0.000259
0.000259
0.000260
0.000260
0.000259
0.000263
0.000267
0.000306
0.000301
0.000259
0.000259
0.000262
0.000267
0.000257
0.000260
0.000261
0.000266
0.000258
0.000260
0.000259
0.000261
0.000260
0.000260
0.000259
0.000259
0.000260
0.000263
0.000261
0.000261
0.000264
0.000265
0.000262
0.000260
0.000261
0.000260
0.000260
0.000259
0.000262
0.000269
0.000257
0.000261
0.000260
0.000265
0.000260
0.000260
0.000259
0.000259
0.000259
0.000269
0.000259
0.000273
0.000266
0.000263
0.000257
0.000258
0.000257
0.000258
0.000258
0.000276
0.000257
0.000268
0.000267
0.000260
0.000259
0.000257
0.000261
0.000260
0.000272
0.000257
0.000265
0.000262
0.000256
0.000260
0.000257
0.000258
0.000263
0.000258
0.000257
0.000256
0.000258
0.000257
0.000257
0.000267
0.000256
0.000260
0.000257
0.000266
0.000256
0.000257
0.000256
0.000256
0.000256
0.000257
0.000256
0.000256
0.000268
0.000256
0.000265
0.000266
0.000275
0.000265
0.000264
0.000263
0.000263
0.000265
0.000256
0.000257
0.000264
0.000257
0.000265
0.000265
0.000256
0.000256
0.000256
0.000257
0.000267
0.000256
0.000256
0.000255
0.000255
0.000254
0.000256
0.000256
0.000253
0.000255
0.000264
0.000257
0.000255
0.000255
0.000256
0.000258
0.000276
0.000254
0.000257
0.000256
0.000256
0.000257
0.000256
0.000263
0.000255
0.000266
0.000264
0.000255
0.000254
0.000256
0.000256
0.000254
0.000259
0.000256
0.000264
0.000256
0.000256
0.000254
0.000261
0.000260
0.000262
0.000262
0.000258
0.000256
0.000253
0.000256
0.000255
0.000256
0.000257
0.000259
0.000259
0.000266
0.000261
0.000260
0.000258
0.000261
0.000260
0.000259
0.000265
0.000265
0.000260
0.000268
0.000265
0.000265
0.000266
0.000261
0.000268
0.000258
0.000264
0.000253
0.000262
0.000265
0.000264
0.000264
0.000265
0.000265
0.000258
0.000257
0.000255
0.000258
0.000262
0.000266
0.000266
0.000264
0.000258
0.000310
0.000298
0.000269
0.000267
0.000256
0.000266
0.000265
0.000268
0.000265
0.000261
0.000269
0.000268
0.000267
0.000274
0.000262
0.000276
0.000266
0.000266
0.000269
0.000265
0.000296
0.000266
0.000269
0.000267
0.000266
0.000268
0.000260
0.000255
0.000256
0.000266
0.000266
0.000269
0.000266
0.000265
0.000273
0.000267
0.000266
0.000269
0.000259
0.000267
0.000259
0.000259
0.000258
0.000269
0.000261
0.000258
0.000260
0.000259
0.000258
0.000260
0.000257
0.000257
0.000257
0.000256
0.000258
0.000264
0.000257
0.000267
0.000267
0.000258
0.000256
0.000256
0.000265
0.000267
0.000258
0.000257
0.000264
0.000257
0.000265
0.000256
0.000262
0.000266
0.000260
0.000261
0.000262
0.000265
0.000259
0.000266
0.000260
0.000267
0.000262
0.000260
0.000260
0.000261
0.000261
0.000258
0.000256
