0.000748
0.000742
0.000737
0.000735
0.000780
0.000775
0.000735
0.000733
0.000735
0.000737
0.000736
0.000732
0.000732
0.000747
0.000759
0.000748
0.000735
0.000742
0.000743
0.000750
0.000737
0.000744
0.000745
0.000739
0.000728
0.000728
0.000729
0.000744
0.000736
0.000737
0.000742
0.000735
0.000744
0.000742
0.000749
0.000729
0.000730
0.000736
0.000744
0.000746
0.000736
0.000743
0.000733
0.000746
0.000736
0.000729
0.000730
0.000727
0.000730
0.000741
0.000746
0.000746
0.000730
0.000743
0.000736
0.000745
0.000735
0.000735
0.000736
0.000743
0.000736
0.000741
0.000745
0.000736
0.000731
0.000732
0.000732
0.000732
0.000734
0.000733
0.000732
0.000733
0.000741
0.000743
0.000731
0.000732
0.000731
0.000733
0.000733
0.000734
0.000734
0.000734
0.000728
0.000728
0.000731
0.000742
0.000742
0.000734
0.000740
0.000752
0.000781
0.000743
0.000742
0.000749
0.000757
0.000744
0.000746
0.000744
0.000742
0.000743
0.000742
0.000743
0.000739
0.000741
0.000738
0.000732
0.000741
0.000741
0.000742
0.000741
0.000735
0.000733
0.000741
0.000736
0.000735
0.000731
0.000732
0.000740
0.000743
0.000732
0.000734
0.000744
0.000735
0.000741
0.000730
0.000736
0.000732
0.000732
0.000732
0.000745
0.000730
0.000740
0.000747
0.000735
0.000744
0.000745
0.000745
0.000745
0.000737
0.000743
0.000745
0.000739
0.000743
0.000739
0.000735
0.000742
0.000746
0.000734
0.000734
0.000733
0.000743
0.000740
0.000731
0.000734
0.000732
0.000745
0.000744
0.000746
0.000737
0.000745
0.000745
0.000737
0.000743
0.000744
0.000738
0.000808
0.000764
0.000745
0.000744
0.000751
0.000751
0.000740
0.000746
0.000743
0.000744
0.000753
0.000743
0.000750
0.000749
0.000746
0.000743
0.000746
0.000745
0.000738
0.000738
0.000743
0.000745
0.000738
0.000742
0.000737
0.000735
0.000735
0.000736
0.000742
0.000736
0.000734
0.000733
0.000733
0.000734
0.000749
0.000737
0.000741
0.000741
0.000746
0.000741
0.000738
0.000734
0.000741
0.000740
0.000743
0.000737
0.000736
0.000743
0.000736
0.000736
0.000739
0.000735
0.000746
0.000745
0.000737
0.000744
0.000733
0.000749
0.000758
0.000742
0.000743
0.000742
0.000733
0.000737
0.000741
0.000742
0.000746
0.000734
0.000735
0.000744
0.000742
0.000744
0.000743
0.000741
0.000738
0.000744
0.000743
0.000743
0.000733
0.000747
0.000737
0.000736
0.000748
0.000737
0.000736
0.000737
0.000736
0.000782
0.000742
0.000753
0.000744
0.000739
0.000740
0.000748
0.000740
0.000749
0.000743
0.000744
0.000746
0.000746
0.000744
0.000741
0.000745
0.000761
0.000747
0.000747
0.000744
0.000745
0.000745
0.000737
0.000736
0.000737
0.000734
0.000747
0.000738
0.000738
0.000744
0.000744
0.000745
0.000749
0.000740
0.000739
0.000740
0.000743
0.000740
0.000744
0.000739
0.000742
0.000740
0.000738
0.000738
0.000740
0.000739
0.000738
0.000738
0.000737
0.000737
0.000743
0.000738
0.000737
0.000737
0.000736
0.000735
0.000750
0.000738
0.000735
0.000736
0.000735
0.000738
0.000737
0.000741
0.000737
0.000739
0.000734
0.000737
0.000733
0.000744
0.000734
0.000749
0.000739
0.000736
0.000736
0.000747
0.000735
0.000737
0.000741
0.000737
0.000737
0.000748
0.000746
0.000736
0.000747
0.000743
0.000739
0.000738
0.000740
0.000746
0.000738
0.000745
0.000735
0.000741
0.000773
0.000744
0.000745
0.000734
0.000742
0.000733
0.000743
0.000732
0.000736
0.000732
0.000733
0.000734
0.000741
0.000738
0.000739
0.000741
0.000734
0.000740
0.000741
0.000734
0.000740
0.000745
0.000738
0.000740
0.000739
0.000733
0.000746
0.000738
0.000737
0.000745
0.000739
0.000736
0.000745
0.000740
0.000737
0.000743
0.000738
0.000739
0.000740
0.000737
0.000737
0.000738
0.000750
0.000739
0.000738
0.000738
0.000738
0.000737
0.000737
0.000735
0.000737
0.000738
0.000736
0.000739
0.000734
0.000739
0.000744
0.000740
0.000736
0.000744
0.000741
0.000745
0.000746
0.000740
0.000745
0.000740
0.000739
0.000745
0.000738
0.000738
0.000738
0.000736
0.000737
0.000739
0.000737
0.000737
0.000736
0.000735
0.000735
0.000741
0.000736
0.000743
0.000740
0.000737
0.000738
0.000735
0.000737
0.000737
0.000736
0.000736
0.000746
0.000738
0.000744
0.000739
0.000737
0.000737
0.000733
0.000732
0.000737
0.000739
0.000736
0.000738
0.000739
0.000738
0.000737
0.000735
0.000738
0.000740
0.000738
0.000736
0.000739
0.000751
0.000735
0.000737
0.000736
0.000735
0.000740
0.000738
0.000736
0.000743
0.000741
0.000735
0.000739
0.000739
0.000736
0.000731
0.000732
0.000734
0.000737
0.000744
0.000730
0.000747
0.000735
0.000737
0.000744
0.000732
0.000757
0.000737
0.000740
0.000780
0.000732
0.000738
0.000735
0.000733
0.000738
0.000736
0.000735
0.000733
0.000739
0.000733
0.000736
0.000732
0.000732
0.000732
0.000734
0.000732
0.000734
0.000730
0.000732
0.000730
0.000744
0.000733
0.000734
0.000741
0.000733
0.000730
0.000729
0.000731
0.000735
0.000756
0.000744
0.000732
0.000732
0.000732
0.000733
0.000732
0.000729
0.000728
0.000729
0.000731
0.000736
0.000730
0.000727
0.000729
0.000729
0.000729
0.000730
0.000729
0.000730
0.000734
0.000733
0.000729
0.000728
0.000736
0.000729
0.000731
0.000730
0.000735
0.000734
0.000731
0.000737
0.000731
0.000730
0.000730
0.000727
0.000730
0.000728
0.000728
0.000729
0.000728
0.000728
0.000729
0.000733
0.000731
0.000729
0.000727
0.000730
0.000728
0.000729
0.000732
0.000730
0.000727
0.000731
0.000733
0.000728
0.000731
0.000727
0.000727
0.000728
0.000728
0.000729
0.000727
0.000727
0.000728
0.000729
0.000730
0.000727
0.000728
0.000728
0.000729
0.000728
0.000728
0.000728
0.000728
0.000728
0.000730
0.000729
0.000725
0.000728
0.000729
0.000728
0.000726
0.000731
0.000727
0.000727
0.000726
0.000728
0.000726
0.000727
0.000737
0.000729
0.000728
0.000729
0.000733
0.000726
0.000733
0.000744
0.000735
0.000731
0.000730
0.000734
0.000734
0.000729
0.000731
0.000730
0.000729
0.000736
0.000738
0.000729
0.000738
0.000744
0.000737
0.000730
0.000732
0.000730
0.000810
0.000746
0.000748
0.000745
0.000740
0.000745
0.000747
0.000741
0.000754
0.000753
0.000741
0.000753
0.000746
0.000740
0.000744
0.000743
0.000737
0.000745
0.000740
0.000739
0.000745
0.000737
0.000736
0.000744
0.000736
0.000738
0.000735
0.000738
0.000737
0.000736
0.000733
0.000734
0.000737
0.000741
0.000736
0.000735
0.000737
0.000734
0.000735
0.000732
0.000736
0.000735
0.000735
0.000736
0.000735
0.000737
0.000734
0.000733
0.000733
0.000734
0.000734
0.000734
0.000732
0.000732
0.000733
0.000732
0.000733
0.000734
0.000733
0.000734
0.000734
0.000735
0.000734
0.000737
0.000735
0.000738
0.000755
0.000751
0.000733
0.000732
0.000732
0.000732
0.000733
0.000731
0.000732
0.000739
0.000734
0.000736
0.000737
0.000735
0.000732
0.000731
0.000731
0.000732
0.000731
0.000732
0.000730
0.000732
0.000729
0.000731
0.000732
0.000731
0.000729
0.000733
0.000730
0.000731
0.000730
0.000731
0.000732
0.000733
0.000731
0.000731
0.000732
0.000731
0.000729
0.000730
0.000731
0.000731
0.000749
0.000729
0.000731
0.000739
0.000730
0.000732
0.000731
0.000729
0.000730
0.000730
0.000729
0.000727
0.000733
0.000731
0.000731
0.000731
0.000731
0.000729
0.000729
0.000733
0.000730
0.000732
0.000731
0.000730
0.000729
0.000734
0.000731
0.000731
0.000727
0.000731
0.000731
0.000732
0.000744
0.000731
0.000730
0.000730
0.000728
0.000774
0.000731
0.000732
0.000730
0.000729
0.000731
0.000731
0.000771
0.000751
0.000731
0.000730
0.000729
0.000729
0.000729
0.000729
0.000728
0.000730
0.000728
0.000728
0.000730
0.000728
0.000727
0.000728
0.000729
0.000729
0.000727
0.000727
0.000728
0.000728
0.000729
0.000730
0.000736
0.000729
0.000728
0.000727
0.000732
0.000726
0.000730
0.000729
0.000728
0.000727
0.000728
0.000727
0.000729
0.000739
0.000729
0.000727
0.000728
0.000728
0.000726
0.000731
0.000727
0.000732
0.000731
0.000762
0.000732
0.000731
0.000746
0.000728
0.000738
0.000731
0.000731
0.000728
0.000731
0.000730
0.000730
0.000728
0.000729
0.000730
0.000728
0.000729
0.000728
0.000727
0.000727
0.000727
0.000726
0.000728
0.000729
0.000727
0.000727
0.000728
0.000729
0.000729
0.000728
0.000728
0.000729
0.000729
0.000728
0.000726
0.000728
0.000727
0.000729
0.000729
0.000727
0.000727
0.000730
0.000729
0.000727
0.000725
0.000726
0.000727
0.000728
0.000729
0.000728
0.000729
0.000728
0.000728
0.000728
0.000726
0.000728
0.000729
0.000728
0.000728
0.000729
0.000729
0.000728
0.000728
0.000727
0.000727
0.000729
0.000729
0.000729
0.000728
0.000729
0.000726
0.000728
0.000727
0.000727
0.000726
0.000728
0.000727
0.000726
0.000728
0.000730
0.000733
0.000727
0.000726
0.000726
0.000730
0.000727
0.000729
0.000727
0.000728
0.000728
0.000729
0.000727
0.000726
0.000728
0.000726
0.000726
0.000730
0.000731
0.000728
0.000727
0.000728
0.000727
0.000728
0.000728
0.000728
0.000736
0.000733
0.000733
0.000731
0.000731
0.000740
0.000730
0.000737
0.000738
0.000731
0.000732
0.000731
0.000739
0.000738
0.000748
0.000739
0.000728
0.000728
0.000740
0.000731
0.000727
0.000734
0.000730
0.000739
0.000738
0.000740
0.000728
0.000732
0.000729
0.000729
0.000728
0.000729
0.000741
0.000739
0.000742
0.000737
0.000734
0.000741
0.000735
0.000746
0.000731
0.000731
0.000732
0.000730
0.000737
0.000738
0.000733
0.000730
0.000728
0.000730
0.000729
0.000734
0.000732
0.000728
0.000730
0.000731
0.000737
0.000727
0.000740
0.000727
0.000731
0.000731
0.000730
0.000728
0.000727
0.000731
0.000730
0.000731
0.000739
0.000736
0.000736
0.000737
0.000736
0.000738
0.000781
0.000730
0.000731
0.000736
0.000728
0.000737
0.000731
0.000736
0.000740
0.000739
0.000739
0.000778
0.000738
0.000741
0.000737
0.000747
0.000742
0.000733
0.000737
0.000743
0.000732
0.000732
0.000732
0.000736
0.000730
0.000739
0.000738
0.000738
0.000738
0.000737
0.000738
0.000740
0.000774
0.000733
0.000745
0.000740
0.000740
0.000729
0.000767
0.000742
0.000774
0.000760
0.000733
0.000731
0.000739
0.000732
0.000740
0.000739
0.000735
0.000746
0.000732
0.000744
0.000738
0.000735
0.000748
0.000746
0.000751
0.000732
0.000750
0.000732
0.000736
0.000737
0.000732
0.000737
0.000732
0.000734
0.000746
0.000733
0.000730
0.000736
0.000728
0.000730
0.000731
0.000731
0.000744
0.000741
0.000740
0.000741
0.000747
0.000741
0.000740
0.000743
0.000738
0.000742
0.000744
0.000739
0.000747
0.000748
0.000739
0.000738
0.000743
