0.000380
0.000349
0.000385
0.000362
0.000361
0.000403
0.000405
0.000366
0.000363
0.000362
0.000363
0.000366
0.000362
0.000411
0.001456
0.000405
0.000413
0.000371
0.000371
0.000369
0.000368
0.000370
0.000370
0.000377
0.000377
0.000369
0.000368
0.000377
0.000372
0.000370
0.000362
0.000369
0.000371
0.000370
0.000369
0.000369
0.000365
0.000370
0.000369
0.000369
0.000369
0.000369
0.000365
0.000376
0.000377
0.000365
0.000371
0.000367
0.000366
0.000366
0.000376
0.000376
0.000375
0.000375
0.000376
0.000363
0.000376
0.000368
0.000368
0.000367
0.000375
0.000374
0.000368
0.000365
0.000366
0.000368
0.000365
0.000366
0.000367
0.000367
0.000367
0.000372
0.000367
0.000368
0.000368
0.000368
0.000368
0.000369
0.000367
0.000367
0.000369
0.000368
0.000368
0.000368
0.000368
0.000369
0.000369
0.000369
0.000368
0.000367
0.000367
0.000377
0.000379
0.000369
0.000370
0.000383
0.000388
0.000378
0.000369
0.000377
0.000377
0.000377
0.000377
0.000379
0.000377
0.000377
0.000386
0.000369
0.000369
0.000379
0.000380
0.000367
0.000369
0.000368
0.000368
0.000374
0.000369
0.000376
0.000369
0.000378
0.000371
0.000371
0.000370
0.000370
0.000372
0.000370
0.000371
0.000372
0.000371
0.000372
0.000371
0.000372
0.000371
0.000379
0.000371
0.000489
0.000410
0.000371
0.000373
0.000378
0.000379
0.000378
0.000367
0.000378
0.000377
0.000374
0.000386
0.000377
0.000376
0.000379
0.000377
0.000378
0.000379
0.000377
0.000377
0.000379
0.000368
0.000377
0.000377
0.000366
0.000369
0.000376
0.000379
0.000368
0.000376
0.000367
0.000377
0.000376
0.000368
0.000376
0.000377
0.000377
0.000367
0.000368
0.000377
0.000376
0.000377
0.000366
0.000368
0.000367
0.000378
0.000367
0.000368
0.000367
0.000378
0.000368
0.000375
0.000378
0.000379
0.000376
0.000378
0.000367
0.000378
0.000378
0.000368
0.000368
0.000378
0.000376
0.000379
0.000372
0.000378
0.000378
0.000376
0.000367
0.000370
0.000377
0.000378
0.000382
0.000376
0.000369
0.000378
0.000368
0.000367
0.000368
0.000378
0.000377
0.000375
0.000368
0.000367
0.000378
0.000368
0.000377
0.000368
0.000377
0.000368
0.000375
0.000368
0.000378
0.000369
0.000368
0.000368
0.000369
0.000368
0.000378
0.000374
0.000368
0.000373
0.000368
0.000369
0.000367
0.000368
0.000377
0.000375
0.000368
0.000367
0.000377
0.000367
0.000371
0.000369
0.000377
0.000369
0.000368
0.000368
0.000368
0.000375
0.000369
0.000377
0.000369
0.000363
0.000378
0.000368
0.000368
0.000376
0.000377
0.000367
0.000368
0.000377
0.000378
0.000379
0.000396
0.000368
0.000376
0.000376
0.000367
0.000370
0.000368
0.000368
0.000368
0.000368
0.000368
0.000368
0.000377
0.000369
0.000369
0.000367
0.000378
0.000366
0.000376
0.000366
0.000377
0.000368
0.000368
0.000369
0.000459
0.000407
0.000378
0.000368
0.000368
0.000378
0.000368
0.000368
0.000368
0.000363
0.000368
0.000372
0.000369
0.000370
0.000371
0.000369
0.000367
0.000369
0.000369
0.000379
0.000369
0.000368
0.000370
0.000368
0.000369
0.000368
0.000375
0.000369
0.000370
0.000367
0.000375
0.000380
0.000368
0.000369
0.000447
0.000407
0.000377
0.000374
0.000376
0.000368
0.000369
0.000370
0.000375
0.000371
0.000368
0.000369
0.000370
0.000370
0.000378
0.000369
0.000377
0.000368
0.000375
0.000369
0.000375
0.000369
0.000369
0.000369
0.000368
0.000369
0.000377
0.000369
0.000375
0.000381
0.000368
0.000369
0.000369
0.000368
0.000378
0.000368
0.000369
0.000368
0.000369
0.000370
0.000368
0.000368
0.000369
0.000369
0.000368
0.000378
0.000368
0.000368
0.000370
0.000369
0.000372
0.000369
0.000378
0.000370
0.000367
0.000370
0.000370
0.000372
0.000378
0.000369
0.000372
0.000373
0.000372
0.000372
0.000373
0.000374
0.000372
0.000372
0.000370
0.000372
0.000371
0.000373
0.000372
0.000371
0.000378
0.000370
0.000369
0.000373
0.000371
0.000371
0.000370
0.000372
0.000370
0.000371
0.000370
0.000373
0.000370
0.000370
0.000370
0.000371
0.000382
0.000372
0.000371
0.000371
0.000371
0.000370
0.000380
0.000370
0.000371
0.000372
0.000371
0.000370
0.000371
0.000371
0.000371
0.000374
0.000386
0.000372
0.000379
0.000370
0.000382
0.000372
0.000371
0.000371
0.000371
0.000372
0.000370
0.000372
0.000371
0.000372
0.000371
0.000371
0.000372
0.000371
0.000372
0.000372
0.000371
0.000371
0.000393
0.000371
0.000373
0.000373
0.000372
0.000372
0.000371
0.000372
0.000372
0.000365
0.000370
0.000371
0.000378
0.000380
0.000370
0.000372
0.000371
0.000372
0.000370
0.000371
0.000372
0.000370
0.000375
0.000370
0.000371
0.000371
0.000378
0.000370
0.000374
0.000380
0.000372
0.000371
0.000370
0.000371
0.000370
0.000371
0.000372
0.000370
0.000370
0.000372
0.000370
0.000367
0.000370
0.000371
0.000373
0.000371
0.000371
0.000373
0.000372
0.000369
0.000369
0.000369
0.000369
0.000369
0.000369
0.000371
0.000371
0.000372
0.000369
0.000380
0.000370
0.000371
0.000370
0.000370
0.000369
0.000370
0.000372
0.000372
0.000371
0.000368
0.000371
0.000371
0.000372
0.000372
0.000372
0.000372
0.000372
0.000371
0.000372
0.000372
0.000371
0.000374
0.000375
0.000369
0.000382
0.000372
0.000370
0.000371
0.000370
0.000372
0.000372
0.000371
0.000371
0.000371
0.000371
0.000371
0.000370
0.000366
0.000371
0.000371
0.000369
0.000371
0.000371
0.000370
0.000370
0.000371
0.000371
0.000374
0.000373
0.000371
0.000373
0.000371
0.000372
0.000370
0.000371
0.000370
0.000380
0.000371
0.000370
0.000372
0.000364
0.000371
0.000370
0.000371
0.000370
0.000371
0.000371
0.000372
0.000371
0.000372
0.000371
0.000371
0.000372
0.000370
0.000371
0.000372
0.000370
0.000373
0.000370
0.000372
0.000371
0.000371
0.000370
0.000367
0.000372
0.000380
0.000371
0.000371
0.000370
0.000372
0.000368
0.000370
0.000387
0.000372
0.000378
0.000372
0.000374
0.000371
0.000369
0.000372
0.000371
0.000371
0.000371
0.000371
0.000369
0.000371
0.000369
0.000372
0.000379
0.000373
0.000375
0.000374
0.000373
0.000373
0.000372
0.000377
0.000382
0.000375
0.000377
0.000373
0.000378
0.000372
0.000374
0.000374
0.000373
0.000374
0.000373
0.000373
0.000378
0.000374
0.000373
0.000374
0.000375
0.000373
0.000380
0.000374
0.000372
0.000373
0.000372
0.000375
0.000381
0.000373
0.000381
0.000373
0.000372
0.000373
0.000372
0.000373
0.000373
0.000373
0.000373
0.000373
0.000374
0.000372
0.000377
0.000380
0.000380
0.000373
0.000381
0.000373
0.000382
0.000372
0.000377
0.000374
0.000379
0.000373
0.000377
0.000377
0.000380
0.000374
0.000377
0.000378
0.000374
0.000377
0.000375
0.000378
0.000373
0.000372
0.000374
0.000372
0.000377
0.000372
0.000374
0.000373
0.000378
0.000372
0.000374
0.000372
0.000375
0.000378
0.000374
0.000373
0.000375
0.000378
0.000373
0.000373
0.000376
0.000377
0.000374
0.000373
0.000378
0.000373
0.000379
0.000378
0.000374
0.000374
0.000380
0.000376
0.000374
0.000372
0.000376
0.000369
0.000370
0.000370
0.000371
0.000372
0.000371
0.000370
0.000370
0.000379
0.000372
0.000369
0.000372
0.000379
0.000372
0.000370
0.000371
0.000370
0.000384
0.000368
0.000371
0.000370
0.000375
0.000371
0.000372
0.000372
0.000372
0.000371
0.000372
0.000371
0.000371
0.000371
0.000379
0.000370
0.000370
0.000371
0.000373
0.000372
0.000381
0.000375
0.000293
0.000372
0.000369
0.000370
0.000371
0.000406
0.000411
0.000367
0.000368
0.000367
0.000366
0.000368
0.000367
0.000368
0.000367
0.000368
0.000367
0.000369
0.000368
0.000367
0.000367
0.000368
0.000375
0.000364
0.000367
0.000367
0.000368
0.000369
0.000367
0.000366
0.000368
0.000368
0.000367
0.000368
0.000367
0.000369
0.000367
0.000367
0.000370
0.000368
0.000367
0.000368
0.000368
0.000370
0.000370
0.000369
0.000369
0.000370
0.000370
0.000369
0.000369
0.000370
0.000369
0.000369
0.000370
0.000369
0.000374
0.000371
0.000370
0.000371
0.000369
0.000370
0.000370
0.000370
0.000370
0.000370
0.000370
0.000371
0.000369
0.000368
0.000367
0.000368
0.000366
0.000369
0.000368
0.000368
0.000367
0.000385
0.000370
0.000368
0.000368
0.000368
0.000369
0.000369
0.000369
0.000371
0.000370
0.000369
0.000369
0.000369
0.000370
0.000369
0.000369
0.000369
0.000371
0.000371
0.000364
0.000364
0.000370
0.000369
0.000376
0.000366
0.000373
0.000379
0.000367
0.000366
0.000376
0.000380
0.000366
0.000367
0.000369
0.000367
0.000368
0.000368
0.000376
0.000378
0.000368
0.000369
0.000366
0.000367
0.000369
0.000367
0.000366
0.000367
0.000367
0.000368
0.000367
0.000368
0.000368
0.000366
0.000368
0.000368
0.000367
0.000368
0.000366
0.000366
0.000367
0.000368
0.000377
0.000366
0.000368
0.000369
0.000376
0.000367
0.000368
0.000368
0.000381
0.000367
0.000367
0.000368
0.000367
0.000367
0.000374
0.000366
0.000375
0.000366
0.000366
0.000366
0.000376
0.000384
0.000368
0.000367
0.000368
0.000368
0.000367
0.000367
0.000370
0.000368
0.000374
0.000374
0.000367
0.000368
0.000364
0.000366
0.000367
0.000368
0.000367
0.000366
0.000375
0.000373
0.000374
0.000367
0.000365
0.000366
0.000365
0.000366
0.000368
0.000366
0.000365
0.000404
0.000366
0.000367
0.000366
0.000375
0.000367
0.000365
0.000365
0.000364
0.000365
0.000366
0.000375
0.000375
0.000364
0.000374
0.000373
0.000375
0.000366
0.000374
0.000366
0.000366
0.000367
0.000366
0.000365
0.000366
0.000366
0.000365
0.000366
0.000373
0.000376
0.000368
0.000366
0.000368
0.000375
0.000368
0.000367
0.000368
0.000363
0.000366
0.000367
0.000367
0.000366
0.000367
0.000366
0.000367
0.000367
0.000368
0.000368
0.000367
0.000366
0.000370
0.000368
0.000367
0.000366
0.000365
0.000367
0.000367
0.000366
0.000408
0.000408
0.000366
0.000368
0.000367
0.000365
0.000367
0.000366
0.000366
0.000367
0.000366
0.000367
0.000369
0.000367
0.000366
0.000367
0.000366
0.000366
0.000406
0.000367
0.000368
0.000370
0.000371
0.000369
0.000370
0.000369
0.000371
0.000380
0.000371
0.000363
0.000369
0.000369
0.000371
0.000369
0.000370
0.000371
0.000371
0.000370
0.000369
0.000371
0.000370
0.000370
0.000371
0.000369
0.000370
0.000369
0.000368
0.000367
0.000368
0.000367
0.000368
0.000368
0.000370
0.000376
0.000369
0.000368
0.000368
0.000376
0.000370
0.000368
0.000370
0.000368
0.000368
0.000368
0.000367
0.000369
0.000367
0.000368
0.000370
0.000369
0.000371
0.000369
0.000363
0.000368
0.000383
0.000369
0.000369
0.000368
0.000370
0.000368
0.000369
0.000367
0.000367
0.000367
0.000369
0.000368
0.000367
0.000368
