8    0.014017
8    0.013985
8    0.014107
8    0.014012
8    0.013826
8    0.013828
8    0.013837
8    0.013837
8    0.014228
8    0.013827
8    0.013898
8    0.013907
8    0.013856
8    0.014172
8    0.013976
8    0.013925
8    0.013974
8    0.014062
8    0.013961
8    0.014296
8    0.014250
8    0.014097
8    0.014709
8    0.014174
8    0.014092
8    0.013940
8    0.014210
8    0.014596
8    0.014076
8    0.013961
8    0.014156
8    0.014250
8    0.013910
8    0.014130
8    0.013950
8    0.014152
8    0.013966
8    0.013732
8    0.013629
8    0.013802
8    0.013400
8    0.013717
8    0.013303
8    0.013716
8    0.013682
8    0.013570
8    0.013795
8    0.013482
8    0.014311
8    0.013752
8    0.013468
8    0.013882
8    0.013974
8    0.013568
8    0.013725
8    0.013666
8    0.013456
8    0.014069
8    0.013569
8    0.013683
8    0.013416
8    0.013569
8    0.013551
8    0.013757
8    0.013868
8    0.013752
8    0.014001
8    0.014016
8    0.013745
8    0.013724
8    0.013473
8    0.013909
8    0.013729
8    0.013859
8    0.013518
8    0.013519
8    0.013560
8    0.013436
8    0.013449
8    0.014225
8    0.014131
8    0.013776
8    0.013799
8    0.013763
8    0.013442
8    0.014342
8    0.013653
8    0.014357
8    0.013418
8    0.013690
8    0.013463
8    0.013512
8    0.014573
8    0.016453
8    0.013679
8    0.013603
8    0.013473
8    0.014085
8    0.013590
8    0.013776
8    0.013659
8    0.014049
8    0.014008
8    0.014088
8    0.014385
8    0.013914
8    0.013442
8    0.013792
8    0.014240
8    0.014020
8    0.014726
8    0.013659
8    0.013560
8    0.013420
8    0.013756
8    0.013615
8    0.013799
8    0.013346
8    0.013823
8    0.013723
8    0.014471
8    0.013416
8    0.013651
8    0.013503
8    0.013564
8    0.013681
8    0.014300
8    0.013961
8    0.014383
8    0.014321
8    0.014673
8    0.014342
8    0.013937
8    0.014262
8    0.013796
8    0.013796
8    0.013734
