4    0.000368
4    0.000340
4    0.000365
4    0.000340
4    0.000340
4    0.000363
4    0.000341
4    0.000340
4    0.000374
4    0.000340
4    0.000341
4    0.000379
4    0.000343
4    0.000372
4    0.000400
4    0.000341
4    0.000372
4    0.000340
4    0.000341
4    0.000364
4    0.000358
4    0.000340
4    0.000414
4    0.000341
4    0.000341
4    0.000363
4    0.000341
4    0.000341
4    0.000367
4    0.000341
4    0.000341
4    0.000395
4    0.000393
4    0.000392
4    0.000392
4    0.000393
4    0.000392
4    0.000392
4    0.000394
4    0.000397
4    0.000393
4    0.000392
4    0.000397
4    0.000393
4    0.000393
4    0.000395
4    0.000398
4    0.000394
4    0.000395
4    0.000398
4    0.000392
4    0.000399
4    0.000395
4    0.000392
4    0.000392
4    0.000393
4    0.000396
4    0.000395
4    0.000395
4    0.000392
4    0.000393
4    0.000394
4    0.000392
4    0.000393
4    0.000394
4    0.000395
4    0.000393
4    0.000395
4    0.000395
4    0.000396
4    0.000396
4    0.000394
4    0.000397
4    0.000395
4    0.000394
4    0.000395
4    0.000394
4    0.000399
4    0.000394
4    0.000396
4    0.000398
4    0.000396
4    0.000393
4    0.000396
4    0.000392
4    0.000392
4    0.000396
4    0.000394
4    0.000392
4    0.000394
4    0.000393
4    0.000392
4    0.000392
4    0.000392
4    0.000392
4    0.000395
4    0.000397
4    0.000395
4    0.000393
4    0.000393
4    0.000392
4    0.000395
4    0.000417
4    0.000393
4    0.000395
4    0.000395
4    0.000396
4    0.000396
4    0.000400
4    0.000394
4    0.000392
4    0.000429
4    0.000394
4    0.000392
4    0.000392
4    0.000395
4    0.000394
4    0.000395
4    0.000393
4    0.000428
4    0.000398
4    0.000418
4    0.000417
4    0.000426
4    0.000416
4    0.000422
4    0.000433
4    0.000415
4    0.000414
4    0.000417
4    0.000414
