0.000383
0.000373
0.000376
0.000367
0.000371
0.000370
0.000403
0.000409
0.000369
0.000370
0.000368
0.000370
0.000372
0.000370
0.000369
0.000366
0.000367
0.000378
0.000407
0.001612
0.000406
0.000409
0.000364
0.000373
0.000374
0.000373
0.000365
0.000365
0.000364
0.000365
0.000389
0.000373
0.000366
0.000374
0.000365
0.000375
0.000374
0.000374
0.000364
0.000376
0.000375
0.000376
0.000364
0.000373
0.000364
0.000375
0.000383
0.000364
0.000382
0.000375
0.000384
0.000382
0.000373
0.000376
0.000376
0.000376
0.000382
0.000383
0.000375
0.000375
0.000374
0.000363
0.000374
0.000375
0.000375
0.000382
0.000376
0.000366
0.000374
0.000376
0.000381
0.000376
0.000382
0.000383
0.000374
0.000375
0.000383
0.000376
0.000376
0.000375
0.000375
0.000363
0.000370
0.000370
0.000369
0.000372
0.000371
0.000372
0.000370
0.000370
0.000370
0.000372
0.000371
0.000370
0.000364
0.000365
0.000376
0.000376
0.000382
0.000376
0.000376
0.000375
0.000376
0.000383
0.000382
0.000376
0.000375
0.000383
0.000375
0.000369
0.000370
0.000370
0.000370
0.000370
0.000371
0.000371
0.000371
0.000376
0.000374
0.000376
0.000364
0.000366
0.000364
0.000364
0.000364
0.000364
0.000362
0.000363
0.000366
0.000364
0.000404
0.000362
0.000364
0.000485
0.000403
0.000364
0.000365
0.000378
0.000375
0.000378
0.000376
0.000376
0.000364
0.000376
0.000378
0.000378
0.000375
0.000375
0.000376
0.000363
0.000372
0.000374
0.000375
0.000374
0.000375
0.000376
0.000377
0.000376
0.000377
0.000375
0.000373
0.000365
0.000374
0.000373
0.000375
0.000375
0.000375
0.000376
0.000377
0.000373
0.000376
0.000369
0.000377
0.000365
0.000378
0.000369
0.000368
0.000377
0.000377
0.000369
0.000370
0.000363
0.000374
0.000378
0.000377
0.000378
0.000379
0.000379
0.000364
0.000370
0.000370
0.000366
0.000366
0.000365
0.000366
0.000366
0.000367
0.000366
0.000365
0.000370
0.000367
0.000367
0.000366
0.000366
0.000367
0.000365
0.000366
0.000366
0.000367
0.000367
0.000365
0.000365
0.000367
0.000366
0.000367
0.000366
0.000367
0.000366
0.000365
0.000367
0.000365
0.000368
0.000367
0.000365
0.000366
0.000364
0.000367
0.000364
0.000365
0.000367
0.000365
0.000365
0.000364
0.000365
0.000366
0.000367
0.000365
0.000365
0.000366
0.000365
0.000365
0.000363
0.000390
0.000366
0.000365
0.000366
0.000365
0.000368
0.000365
0.000366
0.000366
0.000367
0.000367
0.000365
0.000444
0.000405
0.000367
0.000371
0.000366
0.000366
0.000366
0.000365
0.000365
0.000367
0.000366
0.000366
0.000366
0.000366
0.000366
0.000366
0.000364
0.000365
0.000365
0.000365
0.000365
0.000367
0.000364
0.000393
0.000376
0.000377
0.000365
0.000367
0.000366
0.000366
0.000365
0.000366
0.000366
0.000366
0.000364
0.000376
0.000367
0.000367
0.000367
0.000366
0.000369
0.000366
0.000365
0.000365
0.000365
0.000366
0.000376
0.000376
0.000377
0.000377
0.000364
0.000365
0.000376
0.000375
0.000367
0.000374
0.000366
0.000367
0.000365
0.000366
0.000374
0.000366
0.000376
0.000366
0.000375
0.000365
0.000366
0.000367
0.000366
0.000375
0.000366
0.000365
0.000366
0.000376
0.000366
0.000365
0.000367
0.000376
0.000376
0.000365
0.000366
0.000367
0.000375
0.000365
0.000366
0.000376
0.000364
0.000365
0.000375
0.000378
0.000365
0.000377
0.000375
0.000389
0.000375
0.000377
0.000378
0.000377
0.000372
0.000369
0.000375
0.000376
0.000368
0.000366
0.000367
0.000368
0.000367
0.000367
0.000368
0.000368
0.000367
0.000365
0.000369
0.000366
0.000367
0.000367
0.000367
0.000367
0.000366
0.000367
0.000367
0.000367
0.000365
0.000375
0.000366
0.000367
0.000366
0.000366
0.000367
0.000367
0.000368
0.000364
0.000366
0.000369
0.000366
0.000366
0.000371
0.000367
0.000367
0.000366
0.000365
0.000366
0.000366
0.000364
0.000366
0.000393
0.000367
0.000366
0.000378
0.000367
0.000368
0.000365
0.000366
0.000366
0.000377
0.000365
0.000365
0.000366
0.000367
0.000367
0.000365
0.000366
0.000367
0.000367
0.000366
0.000366
0.000380
0.000367
0.000368
0.000367
0.000367
0.000369
0.000366
0.000366
0.000366
0.000379
0.000367
0.000365
0.000367
0.000368
0.000368
0.000367
0.000368
0.000367
0.000367
0.000368
0.000367
0.000368
0.000368
0.000367
0.000367
0.000366
0.000373
0.000368
0.000366
0.000365
0.000367
0.000371
0.000365
0.000366
0.000374
0.000367
0.000367
0.000367
0.000364
0.000372
0.000366
0.000365
0.000368
0.000366
0.000367
0.000367
0.000367
0.000366
0.000367
0.000366
0.000366
0.000367
0.000367
0.000368
0.000367
0.000367
0.000368
0.000367
0.000367
0.000366
0.000366
0.000366
0.000366
0.000367
0.000366
0.000365
0.000366
0.000365
0.000366
0.000366
0.000366
0.000366
0.000368
0.000367
0.000366
0.000366
0.000376
0.000366
0.000367
0.000366
0.000364
0.000367
0.000367
0.000367
0.000367
0.000366
0.000368
0.000367
0.000366
0.000367
0.000366
0.000366
0.000366
0.000366
0.000369
0.000367
0.000367
0.000367
0.000366
0.000363
0.000366
0.000366
0.000366
0.000366
0.000366
0.000370
0.000367
0.000365
0.000366
0.000366
0.000367
0.000375
0.000365
0.000375
0.000368
0.000367
0.000365
0.000375
0.000364
0.000365
0.000374
0.000365
0.000364
0.000365
0.000366
0.000365
0.000367
0.000374
0.000368
0.000366
0.000374
0.000367
0.000373
0.000367
0.000371
0.000370
0.000368
0.000368
0.000370
0.000370
0.000367
0.000369
0.000367
0.000366
0.000367
0.000371
0.000374
0.000371
0.000367
0.000365
0.000374
0.000371
0.000366
0.000366
0.000404
0.000415
0.000372
0.000365
0.000374
0.000363
0.000376
0.000377
0.000365
0.000375
0.000376
0.000379
0.000365
0.000365
0.000364
0.000369
0.000366
0.000364
0.000380
0.000366
0.000365
0.000364
0.000374
0.000375
0.000365
0.000375
0.000375
0.000375
0.000375
0.000373
0.000369
0.000375
0.000374
0.000374
0.000375
0.000375
0.000374
0.000368
0.000375
0.000364
0.000376
0.000375
0.000375
0.000375
0.000375
0.000375
0.000374
0.000375
0.000375
0.000374
0.000376
0.000374
0.000377
0.000376
0.000375
0.000365
0.000375
0.000376
0.000376
0.000375
0.000373
0.000384
0.000376
0.000375
0.000375
0.000375
0.000375
0.000375
0.000374
0.000365
0.000375
0.000369
0.000377
0.000365
0.000365
0.000365
0.000374
0.000365
0.000373
0.000365
0.000375
0.000364
0.000369
0.000364
0.000366
0.000368
0.000369
0.000378
0.000364
0.000374
0.000365
0.000365
0.000365
0.000367
0.000373
0.000365
0.000365
0.000365
0.000369
0.000365
0.000368
0.000366
0.000367
0.000366
0.000367
0.000367
0.000365
0.000367
0.000367
0.000367
0.000365
0.000366
0.000366
0.000367
0.000371
0.000367
0.000368
0.000367
0.000368
0.000367
0.000366
0.000364
0.000367
0.000367
0.000368
0.000368
0.000367
0.000368
0.000366
0.000368
0.000367
0.000367
0.000367
0.000367
0.000366
0.000368
0.000366
0.000366
0.000377
0.000368
0.000366
0.000367
0.000368
0.000368
0.000368
0.000377
0.000368
0.000368
0.000367
0.000369
0.000367
0.000367
0.000365
0.000366
0.000365
0.000367
0.000366
0.000366
0.000366
0.000365
0.000367
0.000367
0.000368
0.000366
0.000368
0.000366
0.000372
0.000367
0.000367
0.000367
0.000368
0.000367
0.000367
0.000366
0.000366
0.000367
0.000366
0.000376
0.000366
0.000366
0.000366
0.000366
0.000368
0.000367
0.000366
0.000367
0.000367
0.000366
0.000365
0.000366
0.000366
0.000366
0.000366
0.000367
0.000366
0.000367
0.000366
0.000366
0.000367
0.000365
0.000366
0.000365
0.000365
0.000367
0.000378
0.000367
0.000365
0.000365
0.000367
0.000366
0.000367
0.000366
0.000367
0.000365
0.000370
0.000365
0.000365
0.000363
0.000365
0.000366
0.000366
0.000366
0.000372
0.000367
0.000365
0.000365
0.000367
0.000367
0.000366
0.000365
0.000367
0.000366
0.000367
0.000367
0.000367
0.000363
0.000365
0.000364
0.000363
0.000363
0.000363
0.000363
0.000363
0.000363
0.000363
0.000363
0.000363
0.000361
0.000362
0.000364
0.000362
0.000368
0.000364
0.000361
0.000362
0.000360
0.000362
0.000362
0.000362
0.000360
0.000361
0.000362
0.000363
0.000362
0.000360
0.000362
0.000362
0.000362
0.000362
0.000361
0.000363
0.000361
0.000362
0.000361
0.000362
0.000361
0.000364
0.000363
0.000364
0.000364
0.000371
0.000365
0.000365
0.000364
0.000364
0.000365
0.000367
0.000371
0.000370
0.000364
0.000362
0.000369
0.000368
0.000361
0.000365
0.000363
0.000360
0.000362
0.000365
0.000367
0.000362
0.000360
0.000366
0.000367
0.000365
0.000370
0.000367
0.000366
0.000366
0.000366
0.000367
0.000368
0.000362
0.000362
0.000361
0.000360
0.000360
0.000361
0.000360
0.000361
0.000362
0.000361
0.000361
0.000360
0.000361
0.000359
0.000360
0.000360
0.000359
0.000359
0.000361
0.000362
0.000361
0.000365
0.000364
0.000361
0.000362
0.000361
0.000361
0.000360
0.000361
0.000444
0.000416
0.000376
0.000377
0.000377
0.000376
0.000376
0.000371
0.000376
0.000373
0.000370
0.000371
0.000368
0.000369
0.000375
0.000376
0.000369
0.000376
0.000383
0.000371
0.000369
0.000368
0.000370
0.000374
0.000371
0.000370
0.000363
0.000366
0.000363
0.000365
0.000367
0.000370
0.000364
0.000367
0.000364
0.000368
0.000363
0.000362
0.000372
0.000375
0.000364
0.000365
0.000363
0.000362
0.000361
0.000362
0.000363
0.000361
0.000367
0.000362
0.000360
0.000369
0.000370
0.000370
0.000370
0.000371
0.000378
0.000371
0.000369
0.000362
0.000365
0.000371
0.000361
0.000362
0.000362
0.000368
0.000362
0.000361
0.000361
0.000361
0.000364
0.000363
0.000362
0.000362
0.000361
0.000362
0.000363
0.000362
0.000369
0.000364
0.000363
0.000361
0.000342
0.000370
0.000385
0.000376
0.000371
0.000374
0.000369
0.000368
0.000238
0.000309
0.000270
0.000370
0.000373
0.000362
0.000369
0.000412
0.000412
0.000403
0.000364
0.000377
0.000371
0.000377
0.000378
0.000362
0.000375
0.000372
0.000371
0.000380
0.000372
0.000372
0.000371
0.000373
0.000561
0.000416
0.000372
0.000389
0.000371
0.000369
0.000376
0.000372
0.000364
0.000372
0.000376
0.000378
0.000379
0.000371
0.000376
0.000376
0.000379
0.000371
0.000377
0.000388
0.000376
0.000379
0.000366
0.000363
0.000378
0.000376
0.000366
0.000373
0.000368
0.000379
0.000367
0.000368
0.000367
0.000367
0.000367
0.000377
0.000370
0.000377
0.000367
0.000379
0.000366
0.000367
0.000366
0.000365
0.000367
0.000371
0.000378
0.000378
0.000371
0.000371
0.000368
0.000371
0.000368
0.000373
0.000373
0.000369
0.000370
0.000369
0.000373
0.000376
0.000369
0.000370
0.000373
0.000374
0.000373
0.000372
0.000373
0.000375
0.000373
0.000371
0.000371
