0.000272
0.000253
0.000253
0.000259
0.000263
0.000267
0.000308
0.000295
0.000300
0.000259
0.000259
0.000259
0.000258
0.000303
0.000268
0.000268
0.000265
0.000262
0.000263
0.000257
0.000266
0.000262
0.000264
0.000271
0.000261
0.000269
0.000256
0.000267
0.000262
0.000265
0.000269
0.000268
0.000264
0.000265
0.000262
0.000269
0.000257
0.000260
0.000258
0.000259
0.000261
0.000262
0.000260
0.000259
0.000259
0.000261
0.000261
0.000259
0.000260
0.000261
0.000260
0.000259
0.000260
0.000255
0.000261
0.000261
0.000254
0.000255
0.000262
0.000265
0.000264
0.000255
0.000255
0.000254
0.000266
0.000265
0.000266
0.000261
0.000255
0.000271
0.000264
0.000263
0.000256
0.000264
0.000263
0.000264
0.000256
0.000255
0.000263
0.000266
0.000264
0.000267
0.000263
0.000254
0.000263
0.000257
0.000264
0.000263
0.000254
0.000265
0.000254
0.000256
0.000255
0.000254
0.000255
0.000266
0.000265
0.000266
0.000254
0.000256
0.000266
0.000256
0.000263
0.000256
0.000261
0.000254
0.000261
0.000268
0.000267
0.000260
0.000260
0.000267
0.000266
0.000260
0.000260
0.000261
0.000255
0.000256
0.000256
0.000263
0.000262
0.000254
0.000262
0.000268
0.000268
0.000261
0.000252
0.000255
0.000255
0.000255
0.000257
0.000255
0.000254
0.000255
0.000254
0.000255
0.000254
0.000253
0.000254
0.000254
0.000256
0.000296
0.000253
0.000255
0.000265
0.000271
0.000268
0.000261
0.000260
0.000268
0.000267
0.000268
0.000269
0.000272
0.000268
0.000274
0.000267
0.000267
0.000273
0.000267
0.000266
0.000267
0.000268
0.000271
0.000267
0.000265
0.000264
0.000258
0.000265
0.000271
0.000268
0.000267
0.000258
0.000266
0.000267
0.000261
0.000268
0.000275
0.000255
0.000255
0.000258
0.000269
0.000268
0.000260
0.000259
0.000262
0.000269
0.000265
0.000267
0.000273
0.000268
0.000265
0.000271
0.000267
0.000255
0.000260
0.000261
0.000255
0.000266
0.000268
0.000266
0.000271
0.000260
0.000257
0.000265
0.000266
0.000265
0.000257
0.000260
0.000293
0.000255
0.000264
0.000266
0.000259
0.000268
0.000268
0.000267
0.000258
0.000265
0.000267
0.000270
0.000267
0.000258
0.000265
0.000266
0.000268
0.000266
0.000260
0.000260
0.000255
0.000256
0.000263
0.000258
0.000263
0.000263
0.000259
0.000259
0.000262
0.000262
0.000271
0.000260
0.000260
0.000262
0.000266
0.000265
0.000261
0.000258
0.000263
0.000259
0.000258
0.000268
0.000263
0.000256
0.000259
0.000264
0.000260
0.000258
0.000259
0.000258
0.000256
0.000262
0.000260
0.000262
0.000259
0.000256
0.000258
0.000257
0.000257
0.000258
0.000257
0.000255
0.000255
0.000255
0.000257
0.000259
0.000257
0.000257
0.000257
0.000257
0.000258
0.000258
0.000258
0.000255
0.000257
0.000257
0.000257
0.000258
0.000259
0.000260
0.000256
0.000257
0.000256
0.000258
0.000258
0.000257
0.000256
0.000259
0.000256
0.000257
0.000257
0.000257
0.000260
0.000258
0.000257
0.000257
0.000256
0.000258
0.000258
0.000265
0.000256
0.000257
0.000256
0.000257
0.000258
0.000256
0.000257
0.000269
0.000263
0.000260
0.000271
0.000266
0.000262
0.000261
0.000268
0.000259
0.000269
0.000270
0.000263
0.000255
0.000258
0.000256
0.000265
0.000265
0.000254
0.000265
0.000262
0.000265
0.000255
0.000257
0.000256
0.000256
0.000257
0.000257
0.000256
0.000257
0.000265
0.000256
0.000256
0.000256
0.000264
0.000256
0.000254
0.000256
0.000257
0.000265
0.000256
0.000255
0.000256
0.000255
0.000256
0.000256
0.000256
0.000264
0.000256
0.000258
0.000257
0.000268
0.000256
0.000264
0.000258
0.000265
0.000265
0.000267
0.000266
0.000256
0.000257
0.000265
0.000256
0.000256
0.000266
0.000265
0.000265
0.000256
0.000260
0.000265
0.000267
0.000267
0.000255
0.000266
0.000266
0.000264
0.000254
0.000264
0.000258
0.000256
0.000270
0.000262
0.000258
0.000267
0.000265
0.000257
0.000257
0.000267
0.000266
0.000267
0.000266
0.000266
0.000256
0.000267
0.000256
0.000267
0.000257
0.000257
0.000256
0.000256
0.000257
0.000266
0.000264
0.000274
0.000270
0.000266
0.000274
0.000267
0.000257
0.000258
0.000262
0.000256
0.000257
0.000258
0.000255
0.000257
0.000257
0.000258
0.000265
0.000257
0.000255
0.000255
0.000255
0.000264
0.000258
0.000255
0.000257
0.000267
0.000266
0.000258
0.000254
0.000255
0.000256
0.000264
0.000255
0.000255
0.000258
0.000257
0.000257
0.000258
0.000260
0.000259
0.000260
0.000260
0.000258
0.000259
0.000259
0.000273
0.000261
0.000260
0.000260
0.000259
0.000260
0.000260
0.000259
0.000260
0.000260
0.000275
0.000277
0.000278
0.000263
0.000261
0.000262
0.000262
0.000269
0.000259
0.000267
0.000256
0.000266
0.000260
0.000304
0.000258
0.000257
0.000263
0.000258
0.000265
0.000267
0.000257
0.000258
0.000267
0.000256
0.000264
0.000258
0.000258
0.000265
0.000257
0.000259
0.000258
0.000265
0.000257
0.000264
0.000266
0.000256
0.000264
0.000265
0.000264
0.000264
0.000266
0.000263
0.000254
0.000263
0.000265
0.000265
0.000266
0.000263
0.000265
0.000279
0.000256
0.000258
0.000257
0.000265
0.000256
0.000258
0.000255
0.000266
0.000257
0.000256
0.000255
0.000264
0.000255
0.000268
0.000257
0.000261
0.000263
0.000268
0.000255
0.000265
0.000270
0.000279
0.000259
0.000257
0.000257
0.000286
0.000266
0.000256
0.000259
0.000259
0.000256
0.000265
0.000255
0.000264
0.000265
0.000263
0.000255
0.000264
0.000254
0.000256
0.000255
0.000263
0.000255
0.000263
0.000254
0.000257
0.000256
0.000256
0.000254
0.000256
0.000255
0.000264
0.000266
0.000266
0.000264
0.000255
0.000262
0.000264
0.000268
0.000264
0.000272
0.000274
0.000272
0.000261
0.000263
0.000262
0.000264
0.000264
0.000265
0.000264
0.000264
0.000263
0.000262
0.000265
0.000263
0.000264
0.000263
0.000265
0.000265
0.000264
0.000263
0.000264
0.000262
0.000263
0.000264
0.000262
0.000267
0.000264
0.000256
0.000269
0.000265
0.000266
0.000266
0.000265
0.000264
0.000264
0.000263
0.000264
0.000268
0.000266
0.000264
0.000266
0.000265
0.000269
0.000266
0.000263
0.000270
0.000256
0.000267
0.000265
0.000266
0.000264
0.000264
0.000265
0.000255
0.000264
0.000264
0.000270
0.000265
0.000264
0.000254
0.000264
0.000262
0.000263
0.000256
0.000265
0.000264
0.000264
0.000264
0.000265
0.000263
0.000266
0.000266
0.000256
0.000255
0.000267
0.000256
0.000268
0.000266
0.000267
0.000256
0.000255
0.000256
0.000265
0.000256
0.000269
0.000257
0.000266
0.000256
0.000266
0.000256
0.000256
0.000256
0.000265
0.000266
0.000255
0.000255
0.000258
0.000274
0.000259
0.000255
0.000257
0.000266
0.000254
0.000258
0.000257
0.000257
0.000257
0.000257
0.000256
0.000257
0.000256
0.000256
0.000257
0.000257
0.000257
0.000258
0.000257
0.000256
0.000256
0.000265
0.000258
0.000258
0.000257
0.000258
0.000258
0.000258
0.000258
0.000256
0.000257
0.000265
0.000259
0.000256
0.000258
0.000257
0.000258
0.000257
0.000260
0.000259
0.000255
0.000262
0.000271
0.000258
0.000261
0.000264
0.000265
0.000258
0.000263
0.000257
0.000258
0.000255
0.000257
0.000257
0.000258
0.000259
0.000257
0.000256
0.000257
0.000257
0.000257
0.000258
0.000268
0.000263
0.000259
0.000256
0.000259
0.000260
0.000258
0.000266
0.000256
0.000256
0.000256
0.000259
0.000260
0.000257
0.000258
0.000258
0.000259
0.000267
0.000256
0.000259
0.000259
0.000260
0.000258
0.000258
0.000257
0.000267
0.000266
0.000257
0.000257
0.000257
0.000256
0.000264
0.000257
0.000256
0.000259
0.000256
0.000265
0.000256
0.000266
0.000265
0.000255
0.000264
0.000259
0.000256
0.000271
0.000258
0.000256
0.000259
0.000259
0.000257
0.000257
0.000254
0.000257
0.000257
0.000256
0.000266
0.000257
0.000256
0.000257
0.000262
0.000256
0.000256
0.000256
0.000257
0.000255
0.000258
0.000258
0.000255
0.000258
0.000256
0.000261
0.000256
0.000267
0.000271
0.000256
0.000258
0.000257
0.000255
0.000260
0.000258
0.000254
0.000258
0.000257
0.000256
0.000257
0.000266
0.000255
0.000258
0.000256
0.000257
0.000256
0.000258
0.000266
0.000263
0.000257
0.000255
0.000278
0.000257
0.000259
0.000254
0.000257
0.000257
0.000257
0.000258
0.000256
0.000265
0.000257
0.000266
0.000256
0.000255
0.000257
0.000256
0.000256
0.000258
0.000256
0.000256
0.000259
0.000256
0.000257
0.000257
0.000266
0.000256
0.000256
0.000257
0.000256
0.000257
0.000256
0.000267
0.000258
0.000268
0.000257
0.000259
0.000264
0.000257
0.000257
0.000257
0.000258
0.000259
0.000264
0.000257
0.000257
0.000269
0.000259
0.000255
0.000260
0.000256
0.000259
0.000266
0.000257
0.000256
0.000257
0.000267
0.000256
0.000257
0.000267
0.000256
0.000257
0.000258
0.000259
0.000256
0.000257
0.000265
0.000266
0.000257
0.000257
0.000256
0.000267
0.000258
0.000268
0.000256
0.000257
0.000256
0.000255
0.000256
0.000255
0.000259
0.000304
0.000265
0.000257
0.000262
0.000272
0.000265
0.000278
0.000268
0.000269
0.000265
0.000263
0.000271
0.000265
0.000270
0.000256
0.000259
0.000264
0.000268
0.000256
0.000254
0.000255
0.000256
0.000260
0.000256
0.000254
0.000255
0.000257
0.000257
0.000257
0.000255
0.000259
0.000258
0.000254
0.000258
0.000257
0.000259
0.000257
0.000257
0.000263
0.000258
0.000297
0.000299
0.000256
0.000255
0.000256
0.000264
0.000257
0.000264
0.000254
0.000265
0.000267
0.000264
0.000263
0.000257
0.000257
0.000257
0.000268
0.000264
0.000256
0.000256
0.000255
0.000265
0.000266
0.000257
0.000257
0.000255
0.000275
0.000266
0.000265
0.000264
0.000263
0.000261
0.000256
0.000267
0.000266
0.000255
0.000267
0.000267
0.000256
0.000255
0.000257
0.000260
0.000260
0.000259
0.000261
0.000261
0.000261
0.000261
0.000260
0.000258
0.000259
0.000261
0.000267
0.000262
0.000261
0.000261
0.000260
0.000257
0.000257
0.000258
0.000257
0.000259
0.000255
0.000259
0.000257
0.000257
0.000254
0.000264
0.000264
0.000266
0.000266
0.000259
0.000257
0.000268
0.000259
0.000295
0.000257
0.000255
0.000255
0.000257
0.000257
0.000256
0.000271
0.000257
0.000259
0.000257
0.000258
0.000259
0.000258
0.000260
0.000258
0.000257
0.000258
0.000258
0.000256
0.000256
0.000257
0.000258
0.000266
0.000257
0.000256
0.000258
0.000259
0.000266
0.000258
0.000259
0.000257
0.000258
0.000258
0.000257
0.000257
0.000257
0.000256
0.000259
0.000258
0.000258
0.000255
0.000256
0.000258
0.000256
0.000260
0.000257
0.000260
0.000259
0.000257
0.000257
0.000256
0.000257
0.000264
0.000258
0.000257
0.000257
0.000256
0.000258
0.000258
0.000256
0.000265
0.000263
0.000263
0.000258
0.000259
