0.000159
0.000152
0.000160
0.000144
0.000147
0.000147
0.000149
0.000189
0.000191
0.000147
0.000145
0.000144
0.000145
0.000143
0.000142
0.000142
0.000142
0.000142
0.001646
0.000190
0.000150
0.000151
0.000151
0.000152
0.000152
0.000150
0.000153
0.000150
0.000151
0.000151
0.000149
0.000154
0.000152
0.000152
0.000149
0.000149
0.000149
0.000151
0.000151
0.000154
0.000150
0.000151
0.000151
0.000151
0.000158
0.000151
0.000152
0.000150
0.000149
0.000151
0.000151
0.000157
0.000149
0.000151
0.000152
0.000150
0.000148
0.000147
0.000148
0.000147
0.000149
0.000147
0.000148
0.000148
0.000149
0.000149
0.000146
0.000154
0.000147
0.000149
0.000149
0.000146
0.000147
0.000148
0.000155
0.000146
0.000146
0.000153
0.000147
0.000149
0.000147
0.000146
0.000148
0.000150
0.000146
0.000147
0.000147
0.000149
0.000147
0.000156
0.000155
0.000145
0.000146
0.000154
0.000148
0.000147
0.000153
0.000145
0.000146
0.000142
0.000146
0.000157
0.000153
0.000154
0.000146
0.000152
0.000148
0.000148
0.000155
0.000157
0.000156
0.000148
0.000147
0.000146
0.000156
0.000157
0.000146
0.000154
0.000145
0.000150
0.000147
0.000158
0.000145
0.000146
0.000146
0.000148
0.000148
0.000148
0.000148
0.000148
0.000148
0.000150
0.000147
0.000149
0.000146
0.000149
0.000148
0.000148
0.000146
0.000151
0.000147
0.000154
0.000149
0.000151
0.000147
0.000151
0.000147
0.000147
0.000145
0.000153
0.000144
0.000143
0.000143
0.000144
0.000144
0.000147
0.000146
0.000147
0.000148
0.000147
0.000151
0.000149
0.000144
0.000143
0.000145
0.000185
0.000183
0.000146
0.000151
0.000150
0.000152
0.000163
0.000148
0.000149
0.000150
0.000149
0.000151
0.000151
0.000151
0.000144
0.000196
0.000149
0.000149
0.000156
0.000152
0.000151
0.000155
0.000158
0.000151
0.000156
0.000158
0.000150
0.000151
0.000141
0.000149
0.000155
0.000144
0.000144
0.000155
0.000157
0.000150
0.000148
0.000156
0.000158
0.000158
0.000147
0.000160
0.000157
0.000157
0.000145
0.000147
0.000161
0.000160
0.000158
0.000144
0.000145
0.000154
0.000159
0.000148
0.000156
0.000157
0.000147
0.000160
0.000157
0.000157
0.000154
0.000157
0.000145
0.000155
0.000156
0.000156
0.000155
0.000157
0.000155
0.000157
0.000155
0.000143
0.000154
0.000159
0.000157
0.000160
0.000156
0.000160
0.000156
0.000156
0.000155
0.000156
0.000159
0.000157
0.000145
0.000164
0.000159
0.000150
0.000149
0.000149
0.000150
0.000152
0.000150
0.000148
0.000148
0.000149
0.000147
0.000151
0.000148
0.000150
0.000164
0.000149
0.000149
0.000152
0.000156
0.000150
0.000157
0.000150
0.000149
0.000151
0.000152
0.000151
0.000154
0.000149
0.000151
0.000153
0.000152
0.000149
0.000149
0.000149
0.000149
0.000150
0.000149
0.000150
0.000150
0.000149
0.000151
0.000145
0.000150
0.000150
0.000150
0.000150
0.000153
0.000160
0.000151
0.000151
0.000149
0.000150
0.000152
0.000152
0.000150
0.000150
0.000151
0.000159
0.000151
0.000160
0.000151
0.000150
0.000150
0.000159
0.000151
0.000149
0.000149
0.000151
0.000149
0.000151
0.000154
0.000151
0.000153
0.000158
0.000152
0.000151
0.000152
0.000150
0.000154
0.000149
0.000154
0.000150
0.000152
0.000149
0.000150
0.000149
0.000150
0.000150
0.000154
0.000152
0.000150
0.000151
0.000151
0.000153
0.000157
0.000152
0.000151
0.000152
0.000166
0.000151
0.000151
0.000150
0.000150
0.000153
0.000151
0.000151
0.000153
0.000151
0.000153
0.000153
0.000152
0.000152
0.000151
0.000150
0.000150
0.000152
0.000151
0.000150
0.000150
0.000153
0.000145
0.000151
0.000152
0.000151
0.000151
0.000152
0.000151
0.000152
0.000150
0.000150
0.000150
0.000153
0.000151
0.000151
0.000149
0.000149
0.000151
0.000151
0.000149
0.000151
0.000148
0.000150
0.000152
0.000152
0.000149
0.000148
0.000153
0.000154
0.000158
0.000158
0.000153
0.000150
0.000152
0.000164
0.000153
0.000160
0.000152
0.000161
0.000161
0.000160
0.000152
0.000151
0.000158
0.000166
0.000165
0.000153
0.000150
0.000146
0.000158
0.000161
0.000151
0.000160
0.000151
0.000159
0.000158
0.000150
0.000150
0.000159
0.000151
0.000151
0.000152
0.000150
0.000151
0.000151
0.000151
0.000153
0.000152
0.000167
0.000151
0.000152
0.000153
0.000151
0.000153
0.000152
0.000153
0.000151
0.000152
0.000150
0.000152
0.000151
0.000151
0.000152
0.000152
0.000150
0.000152
0.000152
0.000152
0.000152
0.000152
0.000151
0.000152
0.000151
0.000154
0.000152
0.000150
0.000158
0.000160
0.000157
0.000159
0.000158
0.000159
0.000149
0.000169
0.000150
0.000150
0.000152
0.000150
0.000151
0.000150
0.000151
0.000152
0.000151
0.000150
0.000151
0.000149
0.000150
0.000154
0.000153
0.000150
0.000153
0.000159
0.000154
0.000152
0.000147
0.000166
0.000153
0.000151
0.000153
0.000151
0.000150
0.000168
0.000154
0.000151
0.000150
0.000150
0.000152
0.000152
0.000152
0.000151
0.000151
0.000152
0.000151
0.000150
0.000151
0.000150
0.000150
0.000157
0.000150
0.000152
0.000152
0.000151
0.000152
0.000152
0.000148
0.000150
0.000152
0.000150
0.000147
0.000150
0.000150
0.000150
0.000153
0.000151
0.000151
0.000151
0.000152
0.000152
0.000158
0.000158
0.000147
0.000147
0.000156
0.000152
0.000155
0.000155
0.000155
0.000152
0.000148
0.000147
0.000155
0.000153
0.000161
0.000166
0.000149
0.000147
0.000154
0.000164
0.000169
0.000149
0.000151
0.000148
0.000159
0.000147
0.000147
0.000148
0.000148
0.000147
0.000146
0.000150
0.000151
0.000147
0.000150
0.000151
0.000147
0.000149
0.000148
0.000149
0.000148
0.000147
0.000154
0.000147
0.000147
0.000148
0.000148
0.000147
0.000149
0.000147
0.000148
0.000149
0.000150
0.000146
0.000146
0.000152
0.000147
0.000145
0.000145
0.000148
0.000147
0.000148
0.000146
0.000146
0.000145
0.000148
0.000154
0.000149
0.000147
0.000145
0.000146
0.000147
0.000146
0.000148
0.000144
0.000145
0.000149
0.000145
0.000147
0.000146
0.000147
0.000148
0.000148
0.000146
0.000149
0.000147
0.000146
0.000148
0.000146
0.000148
0.000148
0.000148
0.000145
0.000144
0.000145
0.000145
0.000144
0.000145
0.000144
0.000143
0.000147
0.000143
0.000145
0.000145
0.000144
0.000165
0.000145
0.000143
0.000144
0.000144
0.000144
0.000145
0.000145
0.000143
0.000145
0.000145
0.000144
0.000147
0.000145
0.000143
0.000143
0.000144
0.000144
0.000143
0.000147
0.000146
0.000144
0.000143
0.000143
0.000145
0.000144
0.000142
0.000142
0.000142
0.000142
0.000142
0.000146
0.000144
0.000144
0.000144
0.000189
0.000151
0.000144
0.000164
0.000165
0.000153
0.000149
0.000149
0.000160
0.000158
0.000151
0.000143
0.000158
0.000142
0.000152
0.000152
0.000150
0.000148
0.000142
0.000143
0.000150
0.000151
0.000160
0.000151
0.000142
0.000147
0.000150
0.000149
0.000149
0.000150
0.000148
0.000146
0.000161
0.000150
0.000150
0.000157
0.000152
0.000149
0.000151
0.000157
0.000157
0.000151
0.000151
0.000151
0.000157
0.000142
0.000194
0.000152
0.000150
0.000152
0.000152
0.000153
0.000156
0.000150
0.000160
0.000159
0.000151
0.000149
0.000160
0.000162
0.000159
0.000150
0.000150
0.000149
0.000158
0.000159
0.000157
0.000162
0.000149
0.000162
0.000159
0.000159
0.000151
0.000157
0.000150
0.000158
0.000159
0.000150
0.000152
0.000151
0.000158
0.000157
0.000148
0.000150
0.000150
0.000149
0.000160
0.000158
0.000148
0.000160
0.000149
0.000157
0.000158
0.000161
0.000149
0.000148
0.000149
0.000157
0.000160
0.000150
0.000149
0.000149
0.000151
0.000151
0.000160
0.000149
0.000149
0.000150
0.000157
0.000148
0.000149
0.000148
0.000157
0.000158
0.000157
0.000157
0.000159
0.000160
0.000150
0.000157
0.000158
0.000157
0.000158
0.000157
0.000158
0.000158
0.000158
0.000148
0.000156
0.000154
0.000156
0.000157
0.000158
0.000157
0.000159
0.000159
0.000153
0.000151
0.000150
0.000150
0.000152
0.000151
0.000150
0.000150
0.000150
0.000150
0.000151
0.000179
0.000151
0.000150
0.000151
0.000150
0.000150
0.000149
0.000144
0.000150
0.000150
0.000150
0.000152
0.000152
0.000152
0.000150
0.000151
0.000153
0.000152
0.000144
0.000148
0.000148
0.000148
0.000148
0.000149
0.000158
0.000157
0.000150
0.000149
0.000147
0.000146
0.000148
0.000157
0.000149
0.000148
0.000149
0.000147
0.000149
0.000148
0.000147
0.000149
0.000147
0.000148
0.000147
0.000149
0.000148
0.000148
0.000148
0.000147
0.000158
0.000147
0.000148
0.000148
0.000148
0.000155
0.000149
0.000158
0.000149
0.000148
0.000158
0.000151
0.000150
0.000149
0.000149
0.000150
0.000161
0.000151
0.000151
0.000152
0.000149
0.000158
0.000151
0.000153
0.000151
0.000150
0.000151
0.000152
0.000159
0.000149
0.000156
0.000150
0.000165
0.000156
0.000155
0.000157
0.000147
0.000157
0.000149
0.000150
0.000147
0.000156
0.000155
0.000157
0.000149
0.000147
0.000156
0.000156
0.000155
0.000155
0.000158
0.000147
0.000157
0.000156
0.000149
0.000157
0.000161
0.000156
0.000157
0.000158
0.000156
0.000156
0.000160
0.000158
0.000156
0.000155
0.000156
0.000155
0.000155
0.000157
0.000157
0.000147
0.000155
0.000154
0.000145
0.000156
0.000154
0.000156
0.000148
0.000157
0.000147
0.000165
0.000158
0.000156
0.000156
0.000155
0.000156
0.000148
0.000166
0.000156
0.000154
0.000154
0.000155
0.000148
0.000157
0.000161
0.000160
0.000159
0.000157
0.000146
0.000156
0.000163
0.000157
0.000158
0.000158
0.000157
0.000157
0.000160
0.000156
0.000155
0.000156
0.000157
0.000157
0.000156
0.000156
0.000153
0.000156
0.000155
0.000155
0.000148
0.000155
0.000154
0.000157
0.000156
0.000156
0.000155
0.000156
0.000159
0.000157
0.000148
0.000150
0.000153
0.000146
0.000157
0.000156
0.000156
0.000148
0.000156
0.000155
0.000155
0.000147
0.000155
0.000146
0.000154
0.000152
0.000163
0.000158
0.000156
0.000155
0.000160
0.000159
0.000149
0.000155
0.000150
0.000148
0.000162
0.000156
0.000154
0.000155
0.000148
0.000154
0.000187
0.000147
0.000147
0.000147
0.000147
0.000152
0.000147
0.000147
0.000148
0.000147
0.000146
0.000147
0.000148
0.000147
0.000147
0.000146
0.000147
0.000146
0.000147
0.000147
0.000156
0.000154
0.000155
0.000145
0.000153
0.000146
0.000146
0.000146
0.000155
0.000155
0.000157
0.000147
0.000145
0.000146
0.000146
0.000151
0.000157
0.000156
0.000146
0.000154
0.000146
0.000145
0.000145
0.000145
0.000145
0.000155
0.000156
0.000145
0.000153
0.000147
0.000143
0.000142
0.000153
0.000150
0.000157
0.000153
0.000156
0.000154
0.000153
0.000160
0.000156
0.000153
0.000154
0.000154
0.000149
0.000151
