0.000750
0.000738
0.000752
0.000749
0.000775
0.000774
0.000736
0.000748
0.000735
0.000735
0.000748
0.000748
0.000748
0.002012
0.000774
0.000732
0.000745
0.000742
0.000744
0.000744
0.000732
0.000749
0.000741
0.000731
0.000744
0.000742
0.000741
0.000746
0.000745
0.000740
0.000732
0.000730
0.000746
0.000743
0.000749
0.000746
0.000733
0.000746
0.000743
0.000742
0.000736
0.000746
0.000734
0.000734
0.000735
0.000737
0.000735
0.000735
0.000746
0.000746
0.000737
0.000732
0.000737
0.000735
0.000744
0.000738
0.000743
0.000736
0.000737
0.000738
0.000738
0.000735
0.000743
0.000734
0.000735
0.000736
0.000734
0.000734
0.000732
0.000738
0.000735
0.000738
0.000746
0.000736
0.000738
0.000738
0.000745
0.000741
0.000742
0.000740
0.000741
0.000743
0.000737
0.000741
0.000742
0.000739
0.000745
0.000775
0.000732
0.000737
0.000738
0.000739
0.000738
0.000736
0.000739
0.000736
0.000737
0.000736
0.000736
0.000752
0.000739
0.000736
0.000738
0.000736
0.000736
0.000733
0.000736
0.000736
0.000736
0.000736
0.000740
0.000746
0.000741
0.000750
0.000745
0.000745
0.000749
0.000746
0.000744
0.000744
0.000783
0.000744
0.000739
0.000737
0.000738
0.000737
0.000734
0.000739
0.000740
0.000734
0.000739
0.000739
0.000735
0.000739
0.000739
0.000735
0.000738
0.000733
0.000735
0.000737
0.000738
0.000733
0.000736
0.000733
0.000744
0.000737
0.000733
0.000756
0.000731
0.000731
0.000731
0.000736
0.000733
0.000731
0.000731
0.000731
0.000732
0.000732
0.000741
0.000732
0.000733
0.000741
0.000740
0.000733
0.000741
0.000734
0.000733
0.000739
0.000746
0.000732
0.000739
0.000744
0.000732
0.000744
0.000745
0.000745
0.000743
0.000742
0.000730
0.000732
0.000743
0.000730
0.000744
0.000741
0.000756
0.000732
0.000742
0.000731
0.000731
0.000741
0.000733
0.000731
0.000733
0.000732
0.000733
0.000743
0.000733
0.000740
0.000741
0.000741
0.000732
0.000742
0.000741
0.000732
0.000739
0.000733
0.000741
0.000742
0.000731
0.000733
0.000741
0.000741
0.000731
0.000743
0.000732
0.000733
0.000743
0.000744
0.000733
0.000733
0.000731
0.000733
0.000740
0.000733
0.000734
0.000733
0.000741
0.000744
0.000733
0.000732
0.000742
0.000732
0.000733
0.000742
0.000733
0.000742
0.000741
0.000732
0.000735
0.000733
0.000733
0.000742
0.000739
0.000732
0.000774
0.000790
0.000734
0.000731
0.000727
0.000732
0.000732
0.000731
0.000732
0.000732
0.000732
0.000731
0.000744
0.000732
0.000734
0.000733
0.000733
0.000733
0.000742
0.000741
0.000745
0.000729
0.000733
0.000744
0.000750
0.000744
0.000746
0.000733
0.000742
0.000747
0.000732
0.000743
0.000742
0.000734
0.000732
0.000742
0.000734
0.000733
0.000741
0.000738
0.000732
0.000742
0.000753
0.000731
0.000740
0.000733
0.000734
0.000730
0.000734
0.000732
0.000732
0.000733
0.000734
0.000743
0.000732
0.000730
0.000740
0.000744
0.000735
0.000731
0.000738
0.000734
0.000745
0.000738
0.000733
0.000732
0.000733
0.000733
0.000741
0.000733
0.000731
0.000734
0.000732
0.000731
0.000745
0.000733
0.000737
0.000732
0.000736
0.000732
0.000733
0.000733
0.000733
0.000732
0.000733
0.000734
0.000732
0.000734
0.000735
0.000733
0.000733
0.000734
0.000735
0.000733
0.000732
0.000736
0.000733
0.000734
0.000736
0.000732
0.000732
0.000734
0.000732
0.000735
0.000735
0.000734
0.000734
0.000751
0.000733
0.000731
0.000734
0.000732
0.000732
0.000733
0.000732
0.000732
0.000730
0.000732
0.000728
0.000733
0.000732
0.000732
0.000732
0.000732
0.000732
0.000735
0.000732
0.000733
0.000731
0.000732
0.000731
0.000733
0.000732
0.000732
0.000733
0.000734
0.000735
0.000742
0.000732
0.000733
0.000742
0.000732
0.000731
0.000731
0.000733
0.000731
0.000746
0.000733
0.000732
0.000733
0.000733
0.000733
0.000732
0.000734
0.000737
0.000731
0.000734
0.000731
0.000733
0.000733
0.000730
0.000732
0.000731
0.000745
0.000743
0.000733
0.000743
0.000741
0.000736
0.000775
0.000732
0.000731
0.000741
0.000744
0.000732
0.000741
0.000742
0.000731
0.000743
0.000743
0.000744
0.000731
0.000743
0.000732
0.000743
0.000744
0.000731
0.000743
0.000737
0.000746
0.000743
0.000747
0.000743
0.000741
0.000747
0.000742
0.000737
0.000737
0.000745
0.000743
0.000744
0.000742
0.000742
0.000744
0.000746
0.000741
0.000741
0.000744
0.000732
0.000744
0.000743
0.000745
0.000742
0.000728
0.000743
0.000740
0.000745
0.000743
0.000741
0.000741
0.000743
0.000746
0.000731
0.000743
0.000746
0.000743
0.000744
0.000744
0.000735
0.000746
0.000746
0.000744
0.000746
0.000743
0.000744
0.000742
0.000741
0.000743
0.000742
0.000742
0.000742
0.000741
0.000742
0.000744
0.000740
0.000742
0.000735
0.000745
0.000744
0.000742
0.000744
0.000744
0.000742
0.000740
0.000743
0.000743
0.000743
0.000743
0.000742
0.000743
0.000744
0.000745
0.000739
0.000744
0.000743
0.000742
0.000742
0.000743
0.000741
0.000744
0.000738
0.000735
0.000730
0.000738
0.000736
0.000735
0.000736
0.000739
0.000736
0.000736
0.000733
0.000733
0.000736
0.000736
0.000734
0.000735
0.000735
0.000737
0.000735
0.000733
0.000732
0.000735
0.000736
0.000733
0.000732
0.000740
0.000733
0.000733
0.000733
0.000744
0.000736
0.000733
0.000734
0.000737
0.000736
0.000734
0.000736
0.000736
0.000734
0.000735
0.000739
0.000741
0.000735
0.000730
0.000733
0.000740
0.000739
0.000740
0.000741
0.000734
0.000739
0.000734
0.000733
0.000740
0.000735
0.000734
0.000740
0.000737
0.000728
0.000738
0.000736
0.000732
0.000735
0.000744
0.000733
0.000729
0.000737
0.000732
0.000734
0.000732
0.000730
0.000731
0.000742
0.000744
0.000741
0.000744
0.000733
0.000743
0.000742
0.000733
0.000742
0.000733
0.000733
0.000734
0.000732
0.000733
0.000743
0.000730
0.000733
0.000735
0.000742
0.000731
0.000732
0.000740
0.000731
0.000730
0.000741
0.000745
0.000732
0.000736
0.000742
0.000730
0.000742
0.000731
0.000731
0.000745
0.000731
0.000733
0.000742
0.000734
0.000732
0.000732
0.000734
0.000742
0.000731
0.000733
0.000733
0.000735
0.000742
0.000735
0.000732
0.000742
0.000735
0.000735
0.000741
0.000731
0.000742
0.000727
0.000733
0.000732
0.000742
0.000733
0.000743
0.000742
0.000736
0.000731
0.000739
0.000743
0.000732
0.000732
0.000732
0.000733
0.000731
0.000737
0.000734
0.000742
0.000742
0.000733
0.000743
0.000732
0.000743
0.000733
0.000732
0.000732
0.000741
0.000732
0.000733
0.000733
0.000732
0.000733
0.000736
0.000736
0.000739
0.000734
0.000735
0.000739
0.000734
0.000737
0.000739
0.000735
0.000738
0.000732
0.000733
0.000736
0.000774
0.000784
0.000739
0.000735
0.000734
0.000732
0.000733
0.000733
0.000731
0.000731
0.000734
0.000728
0.000730
0.000730
0.000733
0.000732
0.000733
0.000732
0.000731
0.000733
0.000732
0.000733
0.000732
0.000733
0.000774
0.000732
0.000731
0.000733
0.000733
0.000732
0.000735
0.000733
0.000734
0.000735
0.000733
0.000735
0.000736
0.000736
0.000746
0.000738
0.000736
0.000735
0.000737
0.000737
0.000732
0.000732
0.000732
0.000734
0.000731
0.000732
0.000734
0.000732
0.000734
0.000735
0.000732
0.000735
0.000734
0.000734
0.000733
0.000734
0.000734
0.000735
0.000735
0.000735
0.000733
0.000733
0.000734
0.000733
0.000732
0.000735
0.000732
0.000733
0.000734
0.000732
0.000736
0.000732
0.000733
0.000734
0.000737
0.000734
0.000736
0.000736
0.000735
0.000734
0.000738
0.000741
0.000734
0.000736
0.000736
0.000734
0.000736
0.000735
0.000735
0.000734
0.000738
0.000735
0.000734
0.000734
0.000734
0.000735
0.000734
0.000733
0.000737
0.000734
0.000734
0.000735
0.000734
0.000734
0.000735
0.000734
0.000735
0.000733
0.000736
0.000735
0.000734
0.000736
0.000735
0.000735
0.000733
0.000738
0.000734
0.000735
0.000744
0.000735
0.000733
0.000735
0.000732
0.000733
0.000731
0.000732
0.000733
0.000741
0.000742
0.000744
0.000731
0.000743
0.000743
0.000735
0.000746
0.000734
0.000733
0.000732
0.000743
0.000739
0.000742
0.000730
0.000732
0.000733
0.000753
0.000732
0.000732
0.000735
0.000737
0.000736
0.000738
0.000736
0.000736
0.000740
0.000737
0.000737
0.000738
0.000741
0.000742
0.000746
0.000741
0.000741
0.000741
0.000733
0.000740
0.000741
0.000744
0.000742
0.000744
0.000739
0.000745
0.000741
0.000742
0.000742
0.000733
0.000741
0.000744
0.000740
0.000740
0.000741
0.000731
0.000741
0.000743
0.000741
0.000743
0.000740
0.000740
0.000731
0.000743
0.000742
0.000741
0.000733
0.000735
0.000743
0.000732
0.000742
0.000732
0.000730
0.000741
0.000744
0.000732
0.000741
0.000742
0.000741
0.000741
0.000742
0.000730
0.000731
0.000743
0.000731
0.000731
0.000741
0.000743
0.000743
0.000739
0.000742
0.000740
0.000733
0.000733
0.000742
0.000742
0.000742
0.000734
0.000742
0.000744
0.000742
0.000741
0.000745
0.000734
0.000731
0.000731
0.000732
0.000745
0.000736
0.000737
0.000736
0.000741
0.000737
0.000736
0.000737
0.000737
0.000739
0.000739
0.000736
0.000735
0.000736
0.000737
0.000733
0.000732
0.000731
0.000731
0.000742
0.000729
0.000741
0.000731
0.000733
0.000742
0.000733
0.000744
0.000740
0.000731
0.000741
0.000741
0.000739
0.000743
0.000740
0.000742
0.000741
0.000740
0.000733
0.000742
0.000743
0.000732
0.000740
0.000740
0.000731
0.000738
0.000742
0.000742
0.000741
0.000733
0.000732
0.000743
0.000742
0.000741
0.000733
0.000742
0.000744
0.000741
0.000742
0.000741
0.000748
0.000739
0.000739
0.000739
0.000732
0.000740
0.000743
0.000742
0.000739
0.000739
0.000735
0.000737
0.000736
0.000736
0.000731
0.000736
0.000738
0.000739
0.000737
0.000736
0.000739
0.000738
0.000738
0.000731
0.000736
0.000738
0.000779
0.000737
0.000780
0.000772
0.000735
0.000733
0.000731
0.000733
0.000731
0.000732
0.000732
0.000733
0.000780
0.000773
0.000732
0.000735
0.000732
0.000733
0.000741
0.000739
0.000742
0.000732
0.000733
0.000742
0.000742
0.000738
0.000732
0.000741
0.000740
0.000741
0.000732
0.000741
0.000736
0.000736
0.000737
0.000736
0.000737
0.000736
0.000737
0.000738
0.000737
0.000737
0.000736
0.000738
0.000736
0.000737
0.000737
0.000738
0.000736
0.000737
0.000736
0.000731
0.000738
0.000736
0.000734
0.000738
0.000757
0.000740
0.000737
0.000735
0.000736
0.000738
0.000736
0.000738
0.000736
0.000737
0.000736
0.000735
0.000736
0.000736
0.000745
0.000742
0.000738
0.000742
0.000742
0.000736
0.000736
0.000735
0.000736
0.000738
0.000738
0.000737
0.000737
0.000736
0.000735
0.000736
0.000737
0.000738
0.000740
0.000738
0.000737
