8    0.001032
8    0.001036
8    0.001031
8    0.001047
8    0.001030
8    0.001052
8    0.001079
8    0.001067
8    0.001032
8    0.001025
8    0.001048
8    0.001035
8    0.001032
8    0.001026
8    0.001074
8    0.001073
8    0.001093
8    0.001074
8    0.001029
8    0.001073
8    0.001022
8    0.001035
8    0.001037
8    0.001079
8    0.001041
8    0.001057
8    0.001026
8    0.001028
8    0.001014
8    0.001022
8    0.001072
8    0.001086
8    0.001050
8    0.001044
8    0.001061
8    0.001092
8    0.001102
8    0.001025
8    0.001019
8    0.001086
8    0.001091
8    0.001092
8    0.001095
8    0.001041
8    0.001001
8    0.001031
8    0.001007
8    0.001053
8    0.001065
8    0.001047
8    0.001099
8    0.001098
8    0.001062
8    0.001022
8    0.001028
8    0.001024
8    0.001143
8    0.001105
8    0.001076
8    0.001038
8    0.001035
8    0.001073
8    0.001063
8    0.001031
8    0.001006
8    0.001032
8    0.001072
8    0.001008
8    0.001008
8    0.001092
8    0.001046
8    0.001022
8    0.001104
8    0.001160
8    0.001012
8    0.001051
8    0.001017
8    0.001031
8    0.001031
8    0.001158
8    0.001013
8    0.001056
8    0.001048
8    0.001021
8    0.000998
8    0.001047
8    0.001034
8    0.001076
8    0.001081
8    0.001084
8    0.001033
8    0.001075
8    0.001066
8    0.001011
8    0.001080
8    0.001084
8    0.001079
8    0.001075
8    0.001070
8    0.001032
