4    0.000052
4    0.000051
4    0.000049
4    0.000050
4    0.000051
4    0.000049
4    0.000049
4    0.000049
4    0.000049
4    0.000049
4    0.000049
4    0.000049
4    0.000052
4    0.000050
4    0.000049
4    0.000050
4    0.000054
4    0.000049
4    0.000048
4    0.000051
4    0.000049
4    0.000049
4    0.000049
4    0.000049
4    0.000049
4    0.000050
4    0.000056
4    0.000049
4    0.000049
4    0.000054
4    0.000053
4    0.000049
4    0.000050
4    0.000050
4    0.000049
4    0.000049
4    0.000049
4    0.000053
4    0.000050
4    0.000049
4    0.000052
4    0.000049
4    0.000049
4    0.000049
4    0.000050
4    0.000049
4    0.000049
4    0.000049
4    0.000050
4    0.000049
4    0.000049
4    0.000053
4    0.000050
4    0.000049
4    0.000050
4    0.000049
4    0.000049
4    0.000049
4    0.000050
4    0.000050
4    0.000049
4    0.000049
4    0.000049
4    0.000049
4    0.000048
4    0.000049
4    0.000050
4    0.000053
4    0.000049
4    0.000050
4    0.000053
4    0.000049
4    0.000049
4    0.000050
4    0.000048
4    0.000050
4    0.000048
4    0.000053
4    0.000049
4    0.000051
4    0.000051
4    0.000049
4    0.000049
4    0.000050
4    0.000051
4    0.000049
4    0.000050
4    0.000049
4    0.000049
4    0.000089
4    0.000050
4    0.000049
4    0.000049
4    0.000051
4    0.000049
4    0.000049
4    0.000050
4    0.000049
4    0.000053
4    0.000050
