2    0.000032
2    0.000032
2    0.000032
2    0.000033
2    0.000032
2    0.000032
2    0.000033
2    0.000032
2    0.000035
2    0.000035
2    0.000033
2    0.000032
2    0.000032
2    0.000032
2    0.000031
2    0.000033
2    0.000033
2    0.000032
2    0.000032
2    0.000033
2    0.000034
2    0.000033
2    0.000032
2    0.000032
2    0.000032
2    0.000032
2    0.000032
2    0.000033
2    0.000032
2    0.000033
2    0.000032
2    0.000032
2    0.000031
2    0.000036
2    0.000033
2    0.000033
2    0.000033
2    0.000032
2    0.000032
2    0.000033
2    0.000032
2    0.000032
2    0.000033
2    0.000032
2    0.000032
2    0.000031
2    0.000032
2    0.000032
2    0.000033
2    0.000036
2    0.000033
2    0.000032
2    0.000032
2    0.000031
2    0.000032
2    0.000032
2    0.000032
2    0.000032
2    0.000032
2    0.000034
2    0.000033
2    0.000033
2    0.000034
2    0.000031
2    0.000033
2    0.000033
2    0.000033
2    0.000032
2    0.000032
2    0.000031
2    0.000033
2    0.000032
2    0.000033
2    0.000033
2    0.000033
2    0.000031
2    0.000034
2    0.000033
2    0.000032
2    0.000033
2    0.000032
2    0.000032
2    0.000033
2    0.000033
2    0.000032
2    0.000032
2    0.000034
2    0.000035
2    0.000032
2    0.000032
2    0.000031
2    0.000034
2    0.000033
2    0.000033
2    0.000033
2    0.000033
2    0.000033
2    0.000032
2    0.000033
2    0.000033
