4    0.000094
4    0.000095
4    0.000098
4    0.000095
4    0.000095
4    0.000099
4    0.000095
4    0.000096
4    0.000094
4    0.000095
4    0.000102
4    0.000098
4    0.000096
4    0.000094
4    0.000099
4    0.000099
4    0.000095
4    0.000098
4    0.000099
4    0.000094
4    0.000095
4    0.000094
4    0.000095
4    0.000097
4    0.000096
4    0.000094
4    0.000094
4    0.000094
4    0.000097
4    0.000095
4    0.000099
4    0.000095
4    0.000095
4    0.000094
4    0.000095
4    0.000094
4    0.000095
4    0.000095
4    0.000095
4    0.000098
4    0.000098
4    0.000095
4    0.000095
4    0.000096
4    0.000095
4    0.000098
4    0.000097
4    0.000094
4    0.000096
4    0.000094
4    0.000094
4    0.000094
4    0.000095
4    0.000094
4    0.000099
4    0.000094
4    0.000094
4    0.000095
4    0.000095
4    0.000095
4    0.000095
4    0.000097
4    0.000100
4    0.000094
4    0.000100
4    0.000094
4    0.000095
4    0.000095
4    0.000094
4    0.000094
4    0.000095
4    0.000097
4    0.000095
4    0.000098
4    0.000095
4    0.000095
4    0.000095
4    0.000096
4    0.000095
4    0.000097
4    0.000098
4    0.000095
4    0.000095
4    0.000095
4    0.000095
4    0.000096
4    0.000095
4    0.000095
4    0.000096
4    0.000097
4    0.000095
4    0.000094
4    0.000096
4    0.000094
4    0.000097
4    0.000096
4    0.000095
4    0.000096
4    0.000094
4    0.000094
