8    0.003422
8    0.003471
8    0.003848
8    0.003436
8    0.003620
8    0.003744
8    0.003741
8    0.003714
8    0.003619
8    0.003915
8    0.003398
8    0.003539
8    0.003467
8    0.003374
8    0.003874
8    0.004220
8    0.004058
8    0.003560
8    0.003967
8    0.003831
8    0.003679
8    0.003574
8    0.003900
8    0.003366
8    0.003852
8    0.003639
8    0.003497
8    0.003681
8    0.003456
8    0.003799
8    0.003750
8    0.003475
8    0.003670
8    0.003534
8    0.003591
8    0.003712
8    0.003515
8    0.003470
8    0.003638
8    0.003424
8    0.003693
8    0.003367
8    0.003461
8    0.003554
8    0.003646
8    0.003359
8    0.004040
8    0.003591
8    0.003682
8    0.003784
8    0.003388
8    0.003779
8    0.003364
8    0.003643
8    0.003465
8    0.003658
8    0.003643
8    0.003930
8    0.003648
8    0.003448
8    0.003561
8    0.003696
8    0.005044
8    0.003888
8    0.003650
8    0.003885
8    0.003847
8    0.003717
8    0.003793
8    0.003467
8    0.003651
8    0.003934
8    0.003668
8    0.003464
8    0.003498
8    0.003664
8    0.003412
8    0.003485
8    0.003834
8    0.003681
8    0.003632
8    0.003641
8    0.004099
8    0.003620
8    0.005041
8    0.003952
8    0.003740
8    0.003372
8    0.003979
8    0.003994
8    0.003643
8    0.003454
8    0.003994
8    0.003365
8    0.003471
8    0.003682
8    0.003818
8    0.003638
8    0.004537
8    0.003661
