16    0.000346
16    0.000346
16    0.000347
16    0.000347
16    0.000347
16    0.000346
16    0.000348
16    0.000347
16    0.000347
16    0.000346
16    0.000348
16    0.000347
16    0.000347
16    0.000348
16    0.000348
16    0.000347
16    0.000346
16    0.000346
16    0.000347
16    0.000347
16    0.000347
16    0.000347
16    0.000347
16    0.000347
16    0.000347
16    0.000347
16    0.000347
16    0.000348
16    0.000347
16    0.000346
16    0.000346
16    0.000348
16    0.000348
16    0.000346
16    0.000347
16    0.000348
16    0.000346
16    0.000347
16    0.000346
16    0.000346
16    0.000346
16    0.000346
16    0.000346
16    0.000346
16    0.000347
16    0.000346
16    0.000347
16    0.000347
16    0.000346
16    0.000351
16    0.000349
16    0.000345
16    0.000346
16    0.000347
16    0.000347
16    0.000347
16    0.000347
16    0.000347
16    0.000346
16    0.000346
16    0.000347
16    0.000346
16    0.000348
16    0.000345
16    0.000347
16    0.000349
16    0.000347
16    0.000347
16    0.000346
16    0.000347
16    0.000346
16    0.000346
16    0.000347
16    0.000347
16    0.000346
16    0.000346
16    0.000346
16    0.000346
16    0.000346
16    0.000347
16    0.000350
16    0.000347
16    0.000347
16    0.000346
16    0.000347
16    0.000346
16    0.000356
16    0.000346
16    0.000347
16    0.000349
16    0.000347
16    0.000346
16    0.000346
16    0.000346
16    0.000346
16    0.000346
16    0.000353
16    0.000347
16    0.000347
16    0.000348
