2    0.000105
2    0.000105
2    0.000102
2    0.000102
2    0.000102
2    0.000099
2    0.000099
2    0.000099
2    0.000099
2    0.000099
2    0.000104
2    0.000099
2    0.000099
2    0.000099
2    0.000099
2    0.000099
2    0.000100
2    0.000100
2    0.000101
2    0.000100
2    0.000100
2    0.000099
2    0.000099
2    0.000099
2    0.000100
2    0.000100
2    0.000099
2    0.000099
2    0.000099
2    0.000099
2    0.000099
2    0.000100
2    0.000100
2    0.000100
2    0.000099
2    0.000099
2    0.000099
2    0.000100
2    0.000101
2    0.000099
2    0.000099
2    0.000100
2    0.000099
2    0.000099
2    0.000100
2    0.000099
2    0.000099
2    0.000099
2    0.000100
2    0.000100
2    0.000100
2    0.000099
2    0.000099
2    0.000099
2    0.000099
2    0.000099
2    0.000099
2    0.000100
2    0.000100
2    0.000100
2    0.000100
2    0.000100
2    0.000100
2    0.000099
2    0.000099
2    0.000099
2    0.000100
2    0.000100
2    0.000100
2    0.000100
2    0.000099
2    0.000099
2    0.000099
2    0.000099
2    0.000099
2    0.000101
2    0.000101
2    0.000100
2    0.000099
2    0.000101
2    0.000099
2    0.000099
2    0.000099
2    0.000099
2    0.000100
2    0.000099
2    0.000100
2    0.000099
2    0.000099
2    0.000099
2    0.000100
2    0.000099
2    0.000099
2    0.000099
2    0.000099
2    0.000100
2    0.000099
2    0.000099
2    0.000099
2    0.000099
