64    0.001049
64    0.001049
64    0.001049
64    0.001046
64    0.001049
64    0.001049
64    0.001049
64    0.001049
64    0.001049
64    0.001049
64    0.001049
64    0.001049
64    0.001049
64    0.001049
64    0.001049
64    0.001049
64    0.001049
64    0.001049
64    0.001049
64    0.001049
64    0.001049
64    0.001049
64    0.001049
64    0.001049
64    0.001049
64    0.001049
64    0.001049
64    0.001056
64    0.001068
64    0.001050
64    0.001059
64    0.001050
64    0.001049
64    0.001056
64    0.001050
64    0.001051
64    0.001049
64    0.001049
64    0.001046
64    0.001050
64    0.001050
64    0.001049
64    0.001049
64    0.001049
64    0.001049
64    0.001049
64    0.001050
64    0.001049
64    0.001049
64    0.001049
64    0.001050
64    0.001049
64    0.001049
64    0.001049
64    0.001049
64    0.001049
64    0.001049
64    0.001055
64    0.001050
64    0.001050
64    0.001050
64    0.001049
64    0.001049
64    0.001051
64    0.001050
64    0.001053
64    0.001050
64    0.001050
64    0.001049
64    0.001050
64    0.001051
64    0.001050
64    0.001050
64    0.001050
64    0.001049
64    0.001049
64    0.001049
64    0.001049
64    0.001049
64    0.001047
64    0.001050
64    0.001049
64    0.001050
64    0.001049
64    0.001049
64    0.001050
64    0.001050
64    0.001051
64    0.001051
64    0.001047
64    0.001050
64    0.001050
64    0.001049
64    0.001049
64    0.001050
64    0.001051
64    0.001049
64    0.001049
64    0.001051
64    0.001054
