32    0.000645
32    0.000628
32    0.000627
32    0.000638
32    0.000627
32    0.000650
32    0.000633
32    0.000654
32    0.000637
32    0.000627
32    0.000626
32    0.000629
32    0.000652
32    0.000628
32    0.000627
32    0.000630
32    0.000626
32    0.000626
32    0.000626
32    0.000627
32    0.000632
32    0.000626
32    0.000636
32    0.000642
32    0.000627
32    0.000629
32    0.000684
32    0.000634
32    0.000643
32    0.000627
32    0.000626
32    0.000627
32    0.000626
32    0.000625
32    0.000626
32    0.000626
32    0.000626
32    0.000626
32    0.000647
32    0.000631
32    0.000627
32    0.000626
32    0.000626
32    0.000627
32    0.000627
32    0.000645
32    0.000628
32    0.000668
32    0.000636
32    0.000631
32    0.000668
32    0.000626
32    0.000627
32    0.000626
32    0.000687
32    0.000684
32    0.000641
32    0.000626
32    0.000629
32    0.000648
32    0.000627
32    0.000646
32    0.000626
32    0.000626
32    0.000628
32    0.000628
32    0.000627
32    0.000626
32    0.000626
32    0.000627
32    0.000627
32    0.000627
32    0.000627
32    0.000626
32    0.000626
32    0.000627
32    0.000626
32    0.000627
32    0.000627
32    0.000627
32    0.000627
32    0.000627
32    0.000627
32    0.000626
32    0.000626
32    0.000629
32    0.000625
32    0.000627
32    0.000626
32    0.000627
32    0.000626
32    0.000624
32    0.000627
32    0.000626
32    0.000627
32    0.000626
32    0.000626
32    0.000634
32    0.000626
32    0.000626
