16    0.000495
16    0.000495
16    0.000495
16    0.000496
16    0.000495
16    0.000495
16    0.000495
16    0.000519
16    0.000515
16    0.000499
16    0.000503
16    0.000498
16    0.000552
16    0.000527
16    0.000562
16    0.000537
16    0.000564
16    0.000500
16    0.000511
16    0.000545
16    0.000495
16    0.000502
16    0.000496
16    0.000497
16    0.000532
16    0.000495
16    0.000495
16    0.000496
16    0.000497
16    0.000499
16    0.000495
16    0.000495
16    0.000498
16    0.000496
16    0.000495
16    0.000496
16    0.000496
16    0.000500
16    0.000556
16    0.000495
16    0.000517
16    0.000495
16    0.000517
16    0.000493
16    0.000494
16    0.000494
16    0.000494
16    0.000494
16    0.000494
16    0.000494
16    0.000494
16    0.000494
16    0.000494
16    0.000494
16    0.000494
16    0.000494
16    0.000494
16    0.000494
16    0.000494
16    0.000495
16    0.000494
16    0.000494
16    0.000494
16    0.000494
16    0.000494
16    0.000494
16    0.000493
16    0.000493
16    0.000494
16    0.000494
16    0.000494
16    0.000494
16    0.000494
16    0.000493
16    0.000494
16    0.000493
16    0.000494
16    0.000493
16    0.000494
16    0.000494
16    0.000494
16    0.000494
16    0.000494
16    0.000493
16    0.000494
16    0.000493
16    0.000494
16    0.000494
16    0.000494
16    0.000494
16    0.000494
16    0.000494
16    0.000494
16    0.000493
16    0.000494
16    0.000494
16    0.000493
16    0.000494
16    0.000494
16    0.000494
