1    0.000091
1    0.000091
1    0.000092
1    0.000091
1    0.000092
1    0.000095
1    0.000092
1    0.000092
1    0.000091
1    0.000096
1    0.000095
1    0.000093
1    0.000091
1    0.000091
1    0.000092
1    0.000092
1    0.000091
1    0.000091
1    0.000092
1    0.000091
1    0.000091
1    0.000092
1    0.000094
1    0.000092
1    0.000092
1    0.000092
1    0.000092
1    0.000092
1    0.000096
1    0.000092
1    0.000093
1    0.000091
1    0.000093
1    0.000097
1    0.000095
1    0.000092
1    0.000108
1    0.000091
1    0.000092
1    0.000094
1    0.000094
1    0.000094
1    0.000092
1    0.000092
1    0.000092
1    0.000092
1    0.000094
1    0.000091
1    0.000094
1    0.000092
1    0.000092
1    0.000092
1    0.000092
1    0.000091
1    0.000091
1    0.000092
1    0.000092
1    0.000091
1    0.000092
1    0.000103
1    0.000088
1    0.000088
1    0.000088
1    0.000088
1    0.000088
1    0.000089
1    0.000089
1    0.000088
1    0.000088
1    0.000088
1    0.000088
1    0.000089
1    0.000096
1    0.000092
1    0.000092
1    0.000091
1    0.000092
1    0.000092
1    0.000092
1    0.000092
1    0.000092
1    0.000094
1    0.000094
1    0.000095
1    0.000091
1    0.000094
1    0.000092
1    0.000092
1    0.000092
1    0.000091
1    0.000091
1    0.000092
1    0.000091
1    0.000091
1    0.000092
1    0.000092
1    0.000091
1    0.000091
1    0.000091
1    0.000110
