4    0.000139
4    0.000126
4    0.000120
4    0.000121
4    0.000120
4    0.000120
4    0.000120
4    0.000121
4    0.000120
4    0.000120
4    0.000121
4    0.000120
4    0.000121
4    0.000120
4    0.000121
4    0.000121
4    0.000120
4    0.000121
4    0.000121
4    0.000120
4    0.000120
4    0.000120
4    0.000120
4    0.000120
4    0.000121
4    0.000121
4    0.000120
4    0.000121
4    0.000120
4    0.000121
4    0.000120
4    0.000121
4    0.000120
4    0.000120
4    0.000120
4    0.000120
4    0.000120
4    0.000120
4    0.000121
4    0.000120
4    0.000120
4    0.000121
4    0.000121
4    0.000121
4    0.000121
4    0.000120
4    0.000121
4    0.000121
4    0.000121
4    0.000120
4    0.000121
4    0.000120
4    0.000121
4    0.000120
4    0.000120
4    0.000121
4    0.000121
4    0.000121
4    0.000120
4    0.000120
4    0.000120
4    0.000120
4    0.000120
4    0.000121
4    0.000120
4    0.000120
4    0.000121
4    0.000120
4    0.000120
4    0.000121
4    0.000121
4    0.000121
4    0.000120
4    0.000121
4    0.000120
4    0.000120
4    0.000120
4    0.000120
4    0.000120
4    0.000120
4    0.000121
4    0.000120
4    0.000121
4    0.000120
4    0.000121
4    0.000121
4    0.000120
4    0.000120
4    0.000120
4    0.000120
4    0.000121
4    0.000121
4    0.000120
4    0.000120
4    0.000121
4    0.000121
4    0.000120
4    0.000121
4    0.000120
4    0.000120
4    0.000140
4    0.000126
4    0.000125
4    0.000121
4    0.000120
4    0.000120
4    0.000121
4    0.000121
4    0.000120
4    0.000120
4    0.000120
4    0.000121
4    0.000120
4    0.000121
4    0.000121
4    0.000121
4    0.000120
4    0.000120
4    0.000121
4    0.000121
4    0.000121
4    0.000120
4    0.000121
4    0.000121
4    0.000120
4    0.000120
4    0.000121
4    0.000120
4    0.000121
4    0.000120
4    0.000123
4    0.000120
4    0.000120
4    0.000121
4    0.000120
4    0.000120
4    0.000121
4    0.000121
4    0.000120
4    0.000120
4    0.000121
4    0.000120
4    0.000120
4    0.000120
4    0.000121
4    0.000120
4    0.000120
4    0.000120
4    0.000121
4    0.000120
4    0.000120
4    0.000120
4    0.000120
4    0.000120
4    0.000120
4    0.000121
4    0.000120
4    0.000122
4    0.000120
4    0.000120
4    0.000120
4    0.000123
4    0.000120
4    0.000120
4    0.000123
4    0.000120
4    0.000120
4    0.000120
4    0.000121
4    0.000121
4    0.000120
4    0.000120
4    0.000120
4    0.000120
4    0.000120
4    0.000121
4    0.000121
4    0.000120
4    0.000120
4    0.000120
4    0.000121
4    0.000121
4    0.000121
4    0.000120
4    0.000122
4    0.000121
4    0.000121
4    0.000120
4    0.000120
4    0.000120
4    0.000120
4    0.000121
4    0.000120
4    0.000120
4    0.000120
4    0.000121
4    0.000121
4    0.000120
4    0.000120
4    0.000121
