32    0.000002
32    0.000002
32    0.000002
32    0.000002
32    0.000002
32    0.000002
32    0.000002
32    0.000002
32    0.000002
32    0.000002
32    0.000002
32    0.000003
32    0.000002
32    0.000002
32    0.000002
32    0.000002
32    0.000002
32    0.000002
32    0.000002
32    0.000002
32    0.000002
32    0.000002
32    0.000002
32    0.000002
32    0.000002
32    0.000002
32    0.000002
32    0.000002
32    0.000002
32    0.000002
32    0.000002
32    0.000002
32    0.000002
32    0.000002
32    0.000002
32    0.000002
32    0.000002
32    0.000002
32    0.000002
32    0.000002
32    0.000002
32    0.000002
32    0.000002
32    0.000002
32    0.000002
32    0.000002
32    0.000002
32    0.000002
32    0.000002
32    0.000002
32    0.000002
32    0.000002
32    0.000002
32    0.000002
32    0.000004
32    0.000002
32    0.000004
32    0.000002
32    0.000002
32    0.000002
32    0.000002
32    0.000002
32    0.000002
32    0.000002
32    0.000002
32    0.000002
32    0.000002
32    0.000002
32    0.000002
32    0.000002
32    0.000002
32    0.000002
32    0.000002
32    0.000002
32    0.000002
32    0.000002
32    0.000002
32    0.000002
32    0.000002
32    0.000004
32    0.000002
32    0.000002
32    0.000002
32    0.000002
32    0.000002
32    0.000002
32    0.000002
32    0.000002
32    0.000002
32    0.000002
32    0.000002
32    0.000002
32    0.000002
32    0.000002
32    0.000002
32    0.000002
32    0.000002
32    0.000002
32    0.000002
32    0.000002
32    0.000002
32    0.000003
32    0.000002
32    0.000002
32    0.000003
32    0.000003
32    0.000002
32    0.000002
32    0.000003
32    0.000002
32    0.000005
32    0.000003
32    0.000003
32    0.000002
32    0.000003
32    0.000003
32    0.000004
32    0.000003
32    0.000002
32    0.000002
32    0.000002
32    0.000002
32    0.000002
32    0.000003
32    0.000002
32    0.000002
32    0.000002
32    0.000003
32    0.000003
32    0.000003
32    0.000003
32    0.000002
32    0.000003
32    0.000002
32    0.000002
32    0.000003
32    0.000002
32    0.000002
32    0.000002
32    0.000003
32    0.000003
32    0.000002
32    0.000002
32    0.000003
32    0.000003
32    0.000003
32    0.000003
32    0.000002
32    0.000002
32    0.000003
32    0.000003
32    0.000002
32    0.000002
32    0.000002
32    0.000002
32    0.000002
32    0.000002
32    0.000002
32    0.000003
32    0.000002
32    0.000002
32    0.000002
32    0.000002
32    0.000003
32    0.000003
32    0.000003
32    0.000003
32    0.000003
32    0.000002
32    0.000002
32    0.000002
32    0.000002
32    0.000002
32    0.000002
32    0.000002
32    0.000002
32    0.000002
32    0.000002
32    0.000002
32    0.000002
32    0.000002
32    0.000002
32    0.000002
32    0.000002
32    0.000002
32    0.000002
32    0.000003
32    0.000002
32    0.000002
32    0.000002
32    0.000002
32    0.000002
32    0.000002
32    0.000002
32    0.000002
32    0.000002
32    0.000004
32    0.000002
32    0.000002
32    0.000004
