4    0.000128
4    0.000115
4    0.000114
4    0.000115
4    0.000115
4    0.000116
4    0.000115
4    0.000115
4    0.000115
4    0.000114
4    0.000115
4    0.000115
4    0.000115
4    0.000115
4    0.000114
4    0.000114
4    0.000115
4    0.000115
4    0.000115
4    0.000114
4    0.000114
4    0.000115
4    0.000115
4    0.000115
4    0.000115
4    0.000115
4    0.000115
4    0.000114
4    0.000115
4    0.000114
4    0.000115
4    0.000115
4    0.000115
4    0.000114
4    0.000114
4    0.000115
4    0.000115
4    0.000115
4    0.000115
4    0.000115
4    0.000115
4    0.000114
4    0.000114
4    0.000114
4    0.000114
4    0.000116
4    0.000114
4    0.000115
4    0.000115
4    0.000115
4    0.000115
4    0.000115
4    0.000122
4    0.000119
4    0.000114
4    0.000114
4    0.000115
4    0.000115
4    0.000119
4    0.000115
4    0.000115
4    0.000114
4    0.000114
4    0.000114
4    0.000115
4    0.000114
4    0.000115
4    0.000114
4    0.000114
4    0.000115
4    0.000114
4    0.000114
4    0.000114
4    0.000115
4    0.000115
4    0.000115
4    0.000114
4    0.000115
4    0.000115
4    0.000114
4    0.000116
4    0.000115
4    0.000115
4    0.000115
4    0.000115
4    0.000115
4    0.000115
4    0.000115
4    0.000115
4    0.000115
4    0.000115
4    0.000115
4    0.000115
4    0.000115
4    0.000114
4    0.000115
4    0.000115
4    0.000116
4    0.000115
4    0.000114
