8    0.000198
8    0.000198
8    0.000198
8    0.000198
8    0.000198
8    0.000198
8    0.000198
8    0.000198
8    0.000198
8    0.000198
8    0.000198
8    0.000200
8    0.000198
8    0.000198
8    0.000198
8    0.000198
8    0.000199
8    0.000198
8    0.000198
8    0.000199
8    0.000198
8    0.000198
8    0.000198
8    0.000198
8    0.000198
8    0.000198
8    0.000198
8    0.000198
8    0.000198
8    0.000198
8    0.000198
8    0.000198
8    0.000198
8    0.000198
8    0.000198
8    0.000198
8    0.000198
8    0.000198
8    0.000198
8    0.000199
8    0.000198
8    0.000198
8    0.000198
8    0.000198
8    0.000198
8    0.000199
8    0.000198
8    0.000199
8    0.000199
8    0.000199
8    0.000198
8    0.000198
8    0.000198
8    0.000198
8    0.000198
8    0.000198
8    0.000199
8    0.000198
8    0.000198
8    0.000200
8    0.000198
8    0.000198
8    0.000199
8    0.000198
8    0.000198
8    0.000198
8    0.000199
8    0.000198
8    0.000198
8    0.000198
8    0.000199
8    0.000200
8    0.000198
8    0.000198
8    0.000199
8    0.000198
8    0.000199
8    0.000197
8    0.000199
8    0.000198
8    0.000198
8    0.000199
8    0.000199
8    0.000198
8    0.000198
8    0.000198
8    0.000198
8    0.000198
8    0.000199
8    0.000198
8    0.000198
8    0.000198
8    0.000199
8    0.000199
8    0.000200
8    0.000198
8    0.000198
8    0.000198
8    0.000198
8    0.000199
