2    0.000087
2    0.000087
2    0.000086
2    0.000087
2    0.000085
2    0.000089
2    0.000088
2    0.000087
2    0.000086
2    0.000086
2    0.000086
2    0.000092
2    0.000086
2    0.000086
2    0.000086
2    0.000086
2    0.000086
2    0.000092
2    0.000087
2    0.000090
2    0.000086
2    0.000086
2    0.000086
2    0.000086
2    0.000087
2    0.000086
2    0.000086
2    0.000104
2    0.000084
2    0.000083
2    0.000083
2    0.000086
2    0.000082
2    0.000083
2    0.000084
2    0.000083
2    0.000083
2    0.000084
2    0.000083
2    0.000083
2    0.000083
2    0.000083
2    0.000082
2    0.000083
2    0.000083
2    0.000083
2    0.000083
2    0.000084
2    0.000083
2    0.000083
2    0.000085
2    0.000084
2    0.000083
2    0.000083
2    0.000083
2    0.000083
2    0.000084
2    0.000084
2    0.000085
2    0.000083
2    0.000083
2    0.000086
2    0.000085
2    0.000083
2    0.000083
2    0.000083
2    0.000083
2    0.000082
2    0.000083
2    0.000085
2    0.000084
2    0.000082
2    0.000083
2    0.000083
2    0.000083
2    0.000083
2    0.000084
2    0.000088
2    0.000082
2    0.000083
2    0.000083
2    0.000083
2    0.000082
2    0.000083
2    0.000083
2    0.000083
2    0.000083
2    0.000086
2    0.000083
2    0.000083
2    0.000084
2    0.000083
2    0.000083
2    0.000083
2    0.000083
2    0.000083
2    0.000084
2    0.000084
2    0.000083
2    0.000084
