8    0.000214
8    0.000214
8    0.000214
8    0.000214
8    0.000214
8    0.000214
8    0.000214
8    0.000214
8    0.000214
8    0.000214
8    0.000214
8    0.000215
8    0.000214
8    0.000216
8    0.000214
8    0.000214
8    0.000214
8    0.000214
8    0.000215
8    0.000214
8    0.000214
8    0.000214
8    0.000214
8    0.000214
8    0.000214
8    0.000214
8    0.000214
8    0.000216
8    0.000215
8    0.000218
8    0.000214
8    0.000214
8    0.000214
8    0.000218
8    0.000214
8    0.000214
8    0.000214
8    0.000214
8    0.000214
8    0.000214
8    0.000214
8    0.000214
8    0.000214
8    0.000214
8    0.000214
8    0.000214
8    0.000214
8    0.000214
8    0.000214
8    0.000214
8    0.000214
8    0.000214
8    0.000214
8    0.000214
8    0.000214
8    0.000214
8    0.000214
8    0.000215
8    0.000214
8    0.000217
8    0.000214
8    0.000214
8    0.000214
8    0.000214
8    0.000214
8    0.000214
8    0.000214
8    0.000214
8    0.000214
8    0.000214
8    0.000214
8    0.000214
8    0.000236
8    0.000214
8    0.000215
8    0.000216
8    0.000214
8    0.000241
8    0.000214
8    0.000215
8    0.000216
8    0.000222
8    0.000218
8    0.000217
8    0.000215
8    0.000227
8    0.000229
8    0.000230
8    0.000229
8    0.000241
8    0.000214
8    0.000216
8    0.000222
8    0.000222
8    0.000226
8    0.000223
8    0.000231
8    0.000217
8    0.000222
8    0.000220
8    0.000214
8    0.000214
8    0.000214
8    0.000214
8    0.000214
8    0.000214
8    0.000215
8    0.000214
8    0.000214
8    0.000214
8    0.000214
8    0.000214
8    0.000214
8    0.000214
8    0.000214
8    0.000214
8    0.000214
8    0.000214
8    0.000214
8    0.000214
8    0.000214
8    0.000213
8    0.000214
8    0.000214
8    0.000214
8    0.000214
8    0.000214
8    0.000213
8    0.000214
8    0.000214
8    0.000214
8    0.000214
8    0.000214
8    0.000216
8    0.000214
8    0.000214
8    0.000214
8    0.000216
8    0.000214
8    0.000214
8    0.000214
8    0.000214
8    0.000214
8    0.000214
8    0.000215
8    0.000221
8    0.000214
8    0.000214
8    0.000220
8    0.000216
8    0.000215
8    0.000214
8    0.000215
8    0.000215
8    0.000215
8    0.000214
8    0.000214
8    0.000214
8    0.000214
8    0.000234
8    0.000214
8    0.000215
8    0.000214
8    0.000214
8    0.000214
8    0.000214
8    0.000219
8    0.000214
8    0.000214
8    0.000214
8    0.000213
8    0.000215
8    0.000215
8    0.000215
8    0.000214
8    0.000215
8    0.000216
8    0.000215
8    0.000230
8    0.000214
8    0.000215
8    0.000214
8    0.000214
8    0.000214
8    0.000214
8    0.000218
8    0.000214
8    0.000214
8    0.000214
8    0.000235
8    0.000215
8    0.000214
8    0.000214
8    0.000215
8    0.000219
8    0.000215
8    0.000214
8    0.000223
8    0.000214
8    0.000219
